{
  "tickers": [
    "ARKK",
    "BND",
    "DJP",
    "GLD",
    "IEF",
    "IWM",
    "QQQ",
    "SPY",
    "TIP",
    "TLT",
    "VEA",
    "VGT",
    "VNQ",
    "VTV",
    "VUG",
    "VWO",
    "XLE",
    "XLF",
    "XLK",
    "XLU",
    "XLV"
  ],
  "matrix": [
    [
      1.0,
      0.09788119732883613,
      0.14269634932615113,
      0.1844612669229481,
      -0.010851094043119087,
      0.8132128047432504,
      0.8196343501066023,
      0.8125198829966723,
      0.10595022595535177,
      0.04207195718890717,
      0.6356637202661665,
      0.79932863994318,
      0.3650771683967613,
      0.616851948916944,
      0.8285320651374094,
      0.5872827564041965,
      0.238173997477571,
      0.5970507639311008,
      0.7737051997769891,
      0.18731427328881717,
      0.3035513132854416
    ],
    [
      0.09788119732883613,
      1.0,
      -0.10075674933251495,
      0.1906187705628221,
      0.9746176396643311,
      0.17690288425771045,
      0.11071804207762703,
      0.14704299238103524,
      0.8757398927769439,
      0.9326227078085015,
      0.318455264790466,
      0.07883328781953963,
      0.4019747836427227,
      0.1911328682351455,
      0.10515192834355012,
      0.21053795144570894,
      -0.14083928628682016,
      0.06629605130640207,
      0.07906326437360657,
      0.27828692728935606,
      0.2456582707963986
    ],
    [
      0.14269634932615113,
      -0.10075674933251495,
      1.0,
      0.4670000631371399,
      -0.13313293570046109,
      0.11229694631504078,
      0.17772827014909343,
      0.16976982247607744,
      0.0665189820521805,
      -0.10615840337548799,
      0.16612333077363944,
      0.17973852679768143,
      0.06379886509275587,
      0.14902836640808562,
      0.1539124260858259,
      0.20860464696764291,
      0.533311741002342,
      0.03976516320651938,
      0.17925570213989508,
      0.10241396060408361,
      -0.021199524102752155
    ],
    [
      0.1844612669229481,
      0.1906187705628221,
      0.4670000631371399,
      1.0,
      0.1836985349041344,
      0.1906215121901173,
      0.19588184534025607,
      0.17295057687828405,
      0.19958485539152962,
      0.09614577188702339,
      0.41675053929371086,
      0.1894358121685743,
      0.131153636064788,
      0.15902265579927738,
      0.16529934640600835,
      0.40175804696935763,
      0.025288591827069527,
      0.02513696038378472,
      0.1960868175138377,
      0.17713548432834594,
      0.0932820301790993
    ],
    [
      -0.010851094043119087,
      0.9746176396643311,
      -0.13313293570046109,
      0.1836985349041344,
      1.0,
      0.05262070631652926,
      -0.015775681624020738,
      0.00900479443185001,
      0.8662964171719522,
      0.9064552988491057,
      0.20991671112720067,
      -0.04357857297796279,
      0.3163670436120823,
      0.0696758258730954,
      -0.02207041155470531,
      0.10656470964469435,
      -0.2183191717598736,
      -0.037528509012192984,
      -0.04022369252476845,
      0.23948419462523088,
      0.17968143359452945
    ],
    [
      0.8132128047432504,
      0.17690288425771045,
      0.11229694631504078,
      0.1906215121901173,
      0.05262070631652926,
      1.0,
      0.7833410753536919,
      0.8497620362027304,
      0.17182397872014996,
      0.11221043644034122,
      0.7315298171943083,
      0.7705112348223406,
      0.5722541479407354,
      0.8434005909376794,
      0.7675386851708754,
      0.6453257721748059,
      0.3830266013729716,
      0.740216824871511,
      0.7471003679441467,
      0.3251736239775674,
      0.4637410081141714
    ],
    [
      0.8196343501066023,
      0.11071804207762703,
      0.17772827014909343,
      0.19588184534025607,
      -0.015775681624020738,
      0.7833410753536919,
      1.0,
      0.9542818781486583,
      0.12326316363081848,
      0.05567273958327919,
      0.7478424168546761,
      0.9714763159835813,
      0.35931581565150067,
      0.6938345769366673,
      0.9723895084428672,
      0.711800858698708,
      0.2616843232520809,
      0.5824529676263306,
      0.9693706139968546,
      0.216182647830929,
      0.29639319362762284
    ],
    [
      0.8125198829966723,
      0.14704299238103524,
      0.16976982247607744,
      0.17295057687828405,
      0.00900479443185001,
      0.8497620362027304,
      0.9542818781486583,
      1.0,
      0.16216047591021207,
      0.09278010622954128,
      0.77439570031719,
      0.9196675970180732,
      0.5288655197007504,
      0.837396224026146,
      0.9621451793805607,
      0.7016011089142754,
      0.3750292112757481,
      0.7468112347987141,
      0.9053335784862909,
      0.33636738123976817,
      0.4663711649558147
    ],
    [
      0.10595022595535177,
      0.8757398927769439,
      0.0665189820521805,
      0.19958485539152962,
      0.8662964171719522,
      0.17182397872014996,
      0.12326316363081848,
      0.16216047591021207,
      1.0,
      0.8162806415370873,
      0.27868409532508015,
      0.08547718129990245,
      0.36424748735743945,
      0.2070724368223755,
      0.11672124080136398,
      0.17382916945131616,
      0.005512101831413654,
      0.09328910616637337,
      0.0877796841762248,
      0.2695895621639074,
      0.21862055006218642
    ],
    [
      0.04207195718890717,
      0.9326227078085015,
      -0.10615840337548799,
      0.09614577188702339,
      0.9064552988491057,
      0.11221043644034122,
      0.05567273958327919,
      0.09278010622954128,
      0.8162806415370873,
      1.0,
      0.2222708531819532,
      0.03144611718576747,
      0.35082902489936874,
      0.13488269664955754,
      0.05069883720393133,
      0.11979832234254614,
      -0.12686062826255765,
      0.030060761699117734,
      0.03083216238173824,
      0.25011992659167026,
      0.19685139359635262
    ],
    [
      0.6356637202661665,
      0.318455264790466,
      0.16612333077363944,
      0.41675053929371086,
      0.20991671112720067,
      0.7315298171943083,
      0.7478424168546761,
      0.77439570031719,
      0.27868409532508015,
      0.2222708531819532,
      1.0,
      0.7080726776590586,
      0.5246551256149722,
      0.7349151769650573,
      0.7111906051827429,
      0.8443924160944183,
      0.223735999176972,
      0.5475374404989778,
      0.7106502037777949,
      0.34721771231549453,
      0.44505009460734163
    ],
    [
      0.79932863994318,
      0.07883328781953963,
      0.17973852679768143,
      0.1894358121685743,
      -0.04357857297796279,
      0.7705112348223406,
      0.9714763159835813,
      0.9196675970180732,
      0.08547718129990245,
      0.03144611718576747,
      0.7080726776590586,
      1.0,
      0.3017439215116265,
      0.6428616207518676,
      0.9525497225170735,
      0.69994185492184,
      0.26054551812590027,
      0.5371199636659536,
      0.9933996569157942,
      0.17186555381614688,
      0.23200892040694449
    ],
    [
      0.3650771683967613,
      0.4019747836427227,
      0.06379886509275587,
      0.131153636064788,
      0.3163670436120823,
      0.5722541479407354,
      0.35931581565150067,
      0.5288655197007504,
      0.36424748735743945,
      0.35082902489936874,
      0.5246551256149722,
      0.3017439215116265,
      1.0,
      0.7122223570363645,
      0.3845273526819973,
      0.3827990252579966,
      0.30259850284431505,
      0.5771211179189661,
      0.28103805680370636,
      0.597484026037281,
      0.606381305888899
    ],
    [
      0.616851948916944,
      0.1911328682351455,
      0.14902836640808562,
      0.15902265579927738,
      0.0696758258730954,
      0.8434005909376794,
      0.6938345769366673,
      0.837396224026146,
      0.2070724368223755,
      0.13488269664955754,
      0.7349151769650573,
      0.6428616207518676,
      0.7122223570363645,
      1.0,
      0.671864452342333,
      0.5942431195194784,
      0.5189418877602631,
      0.8425828173506247,
      0.6345114666094279,
      0.5257812901544092,
      0.6679483066086264
    ],
    [
      0.8285320651374094,
      0.10515192834355012,
      0.1539124260858259,
      0.16529934640600835,
      -0.02207041155470531,
      0.7675386851708754,
      0.9723895084428672,
      0.9621451793805607,
      0.11672124080136398,
      0.05069883720393133,
      0.7111906051827429,
      0.9525497225170735,
      0.3845273526819973,
      0.671864452342333,
      1.0,
      0.6776356993156345,
      0.2527962910753625,
      0.6282739338167824,
      0.9360955526646325,
      0.207330985583171,
      0.32464054667873676
    ],
    [
      0.5872827564041965,
      0.21053795144570894,
      0.20860464696764291,
      0.40175804696935763,
      0.10656470964469435,
      0.6453257721748059,
      0.711800858698708,
      0.7016011089142754,
      0.17382916945131616,
      0.11979832234254614,
      0.8443924160944183,
      0.69994185492184,
      0.3827990252579966,
      0.5942431195194784,
      0.6776356993156345,
      1.0,
      0.1982770579983736,
      0.4148212555131182,
      0.6999276416449722,
      0.25300267112608443,
      0.3007590409726559
    ],
    [
      0.238173997477571,
      -0.14083928628682016,
      0.533311741002342,
      0.025288591827069527,
      -0.2183191717598736,
      0.3830266013729716,
      0.2616843232520809,
      0.3750292112757481,
      0.005512101831413654,
      -0.12686062826255765,
      0.223735999176972,
      0.26054551812590027,
      0.30259850284431505,
      0.5189418877602631,
      0.2527962910753625,
      0.1982770579983736,
      1.0,
      0.3963168922536208,
      0.24508353147177386,
      0.2671845263498333,
      0.22983296956118357
    ],
    [
      0.5970507639311008,
      0.06629605130640207,
      0.03976516320651938,
      0.02513696038378472,
      -0.037528509012192984,
      0.740216824871511,
      0.5824529676263306,
      0.7468112347987141,
      0.09328910616637337,
      0.030060761699117734,
      0.5475374404989778,
      0.5371199636659536,
      0.5771211179189661,
      0.8425828173506247,
      0.6282739338167824,
      0.4148212555131182,
      0.3963168922536208,
      1.0,
      0.5075674967354549,
      0.3525356074604907,
      0.5044705814512606
    ],
    [
      0.7737051997769891,
      0.07906326437360657,
      0.17925570213989508,
      0.1960868175138377,
      -0.04022369252476845,
      0.7471003679441467,
      0.9693706139968546,
      0.9053335784862909,
      0.0877796841762248,
      0.03083216238173824,
      0.7106502037777949,
      0.9933996569157942,
      0.28103805680370636,
      0.6345114666094279,
      0.9360955526646325,
      0.6999276416449722,
      0.24508353147177386,
      0.5075674967354549,
      1.0,
      0.16811334071213868,
      0.21894956402373647
    ],
    [
      0.18731427328881717,
      0.27828692728935606,
      0.10241396060408361,
      0.17713548432834594,
      0.23948419462523088,
      0.3251736239775674,
      0.216182647830929,
      0.33636738123976817,
      0.2695895621639074,
      0.25011992659167026,
      0.34721771231549453,
      0.17186555381614688,
      0.597484026037281,
      0.5257812901544092,
      0.207330985583171,
      0.25300267112608443,
      0.2671845263498333,
      0.3525356074604907,
      0.16811334071213868,
      1.0,
      0.37658815053986633
    ],
    [
      0.3035513132854416,
      0.2456582707963986,
      -0.021199524102752155,
      0.0932820301790993,
      0.17968143359452945,
      0.4637410081141714,
      0.29639319362762284,
      0.4663711649558147,
      0.21862055006218642,
      0.19685139359635262,
      0.44505009460734163,
      0.23200892040694449,
      0.606381305888899,
      0.6679483066086264,
      0.32464054667873676,
      0.3007590409726559,
      0.22983296956118357,
      0.5044705814512606,
      0.21894956402373647,
      0.37658815053986633,
      1.0
    ]
  ],
  "generated_at": "2026-07-16T21:57:25.650794Z",
  "synthetic": false
}