{
  "tickers": [
    "ARKK",
    "BND",
    "DJP",
    "GLD",
    "IEF",
    "IWM",
    "QQQ",
    "SPY",
    "TIP",
    "TLT",
    "VEA",
    "VGT",
    "VNQ",
    "VTV",
    "VUG",
    "VWO",
    "XLE",
    "XLF",
    "XLK",
    "XLU",
    "XLV"
  ],
  "matrix": [
    [
      1.0,
      0.09112738868514451,
      0.14414631526681285,
      0.1763316352044569,
      -0.01736576983864648,
      0.8077246327598178,
      0.8143190054814023,
      0.8121975173590755,
      0.10318211850815198,
      0.039397337937198545,
      0.629752216466301,
      0.795805556474663,
      0.3762461390955517,
      0.6226168223353874,
      0.8243152643188318,
      0.5831930398630959,
      0.25419103219609357,
      0.6006988309188976,
      0.7684341328279378,
      0.1899991133100237,
      0.32033307155872065
    ],
    [
      0.09112738868514451,
      1.0,
      -0.09326004106115754,
      0.1885314683075779,
      0.9748111482013673,
      0.18127056257399957,
      0.09310985731073051,
      0.1386431254888745,
      0.8699171664006303,
      0.9328444203836829,
      0.3120844623163221,
      0.06206660881608117,
      0.41984205659825113,
      0.19844997708192144,
      0.08938780901198379,
      0.2038053967932989,
      -0.12816703261702736,
      0.06577080391075042,
      0.060268708242496694,
      0.30284970387457677,
      0.26504733909408723
    ],
    [
      0.14414631526681285,
      -0.09326004106115754,
      1.0,
      0.4774959314988903,
      -0.12664315899102344,
      0.11598342877351074,
      0.1820623026583332,
      0.1729726633987257,
      0.06335587304827542,
      -0.09708522746122732,
      0.17515099267571918,
      0.18289180235955152,
      0.07031166817820904,
      0.15503176963677912,
      0.15542911205644253,
      0.21856914761739915,
      0.5275463783440489,
      0.03927882548722024,
      0.18358682294245948,
      0.10913828814486333,
      -0.013347797374658096
    ],
    [
      0.1763316352044569,
      0.1885314683075779,
      0.4774959314988903,
      1.0,
      0.18249509624949467,
      0.19530418142978523,
      0.18115138073961504,
      0.16703531085131024,
      0.20318104954554334,
      0.09782521210467118,
      0.40770831114353906,
      0.17729160860442,
      0.1488745362735135,
      0.16647489859460737,
      0.15337262543026708,
      0.39613998092265434,
      0.04274886786673047,
      0.02805860505832234,
      0.1812102519362111,
      0.18707184921532563,
      0.11092990010209876
    ],
    [
      -0.01736576983864648,
      0.9748111482013673,
      -0.12664315899102344,
      0.18249509624949467,
      1.0,
      0.05968475041332358,
      -0.031951086262302794,
      0.0015471006740663297,
      0.8614470359255161,
      0.906345583774239,
      0.20387659441088946,
      -0.058538718566386615,
      0.3342040116184186,
      0.07751810582926151,
      -0.03647622229659637,
      0.0999123481838949,
      -0.20616738861293996,
      -0.037809290321748734,
      -0.057261270379315346,
      0.26144424608638545,
      0.19728132978118945
    ],
    [
      0.8077246327598178,
      0.18127056257399957,
      0.11598342877351074,
      0.19530418142978523,
      0.05968475041332358,
      1.0,
      0.7636820886755286,
      0.8360151143424227,
      0.17782314550376832,
      0.11973512470011526,
      0.7244009515514068,
      0.7556765781404764,
      0.5859538567096871,
      0.8438065728284796,
      0.7475249014436101,
      0.6403427696012318,
      0.3978477301492676,
      0.7376521789554957,
      0.7291232708540771,
      0.329066259426951,
      0.47346293898109043
    ],
    [
      0.8143190054814023,
      0.09310985731073051,
      0.1820623026583332,
      0.18115138073961504,
      -0.031951086262302794,
      0.7636820886755286,
      1.0,
      0.9554478387576765,
      0.10758554994204395,
      0.044363073070285475,
      0.7404959632159586,
      0.9715708402998868,
      0.35855750211588255,
      0.6914468227314274,
      0.9739272690366134,
      0.7049316617418543,
      0.273374830856414,
      0.578778146906627,
      0.9697572348187606,
      0.21598105067561477,
      0.3106565648481828
    ],
    [
      0.8121975173590755,
      0.1386431254888745,
      0.1729726633987257,
      0.16703531085131024,
      0.0015471006740663297,
      0.8360151143424227,
      0.9554478387576765,
      1.0,
      0.15378679080811772,
      0.08864472285504321,
      0.7733964679020469,
      0.9218580858285824,
      0.5264986388400621,
      0.835980451449639,
      0.9617369540521815,
      0.7002422122282312,
      0.384104848499042,
      0.7432763077130797,
      0.9080515159925391,
      0.3352249594601159,
      0.4763271414458316
    ],
    [
      0.10318211850815198,
      0.8699171664006303,
      0.06335587304827542,
      0.20318104954554334,
      0.8614470359255161,
      0.17782314550376832,
      0.10758554994204395,
      0.15378679080811772,
      1.0,
      0.8042994261016237,
      0.2704021783404204,
      0.06346184454400246,
      0.3852608765228683,
      0.21252525010788917,
      0.10145046740505176,
      0.1598721951791849,
      0.007993280389417885,
      0.09538391661772007,
      0.0644693103027999,
      0.3002844418858592,
      0.23808698005759252
    ],
    [
      0.039397337937198545,
      0.9328444203836829,
      -0.09708522746122732,
      0.09782521210467118,
      0.906345583774239,
      0.11973512470011526,
      0.044363073070285475,
      0.08864472285504321,
      0.8042994261016237,
      1.0,
      0.221217490847726,
      0.021468580664097583,
      0.3641505166446579,
      0.14247923106299298,
      0.040975115525699324,
      0.11737796692426888,
      -0.11752492195082921,
      0.030023180057305636,
      0.01893071159380042,
      0.2694694516174865,
      0.21255410008668488
    ],
    [
      0.629752216466301,
      0.3120844623163221,
      0.17515099267571918,
      0.40770831114353906,
      0.20387659441088946,
      0.7244009515514068,
      0.7404959632159586,
      0.7733964679020469,
      0.2704021783404204,
      0.221217490847726,
      1.0,
      0.7032326118777116,
      0.5380487972193954,
      0.7422325732859082,
      0.7050049754565387,
      0.8424130284801905,
      0.24273639736588484,
      0.5476546783617702,
      0.7047983936387654,
      0.3603675060840614,
      0.4693580219529607
    ],
    [
      0.795805556474663,
      0.06206660881608117,
      0.18289180235955152,
      0.17729160860442,
      -0.058538718566386615,
      0.7556765781404764,
      0.9715708402998868,
      0.9218580858285824,
      0.06346184454400246,
      0.021468580664097583,
      0.7032326118777116,
      1.0,
      0.30538085996837294,
      0.6431759365434976,
      0.9542124355291404,
      0.6945321584046475,
      0.27101910838901305,
      0.5364147368713695,
      0.9933882922827183,
      0.17347607666750067,
      0.24715972194009456
    ],
    [
      0.3762461390955517,
      0.41984205659825113,
      0.07031166817820904,
      0.1488745362735135,
      0.3342040116184186,
      0.5859538567096871,
      0.35855750211588255,
      0.5264986388400621,
      0.3852608765228683,
      0.3641505166446579,
      0.5380487972193954,
      0.30538085996837294,
      1.0,
      0.7140666474532698,
      0.37974485004468944,
      0.39745795483728086,
      0.3077292245582225,
      0.5777702928022466,
      0.2834230818216163,
      0.595971651399739,
      0.6017023162154806
    ],
    [
      0.6226168223353874,
      0.19844997708192144,
      0.15503176963677912,
      0.16647489859460737,
      0.07751810582926151,
      0.8438065728284796,
      0.6914468227314274,
      0.835980451449639,
      0.21252525010788917,
      0.14247923106299298,
      0.7422325732859082,
      0.6431759365434976,
      0.7140666474532698,
      1.0,
      0.6686850570434165,
      0.6006651997255866,
      0.5281939758054867,
      0.8432152976661309,
      0.6332154810974933,
      0.522912277833094,
      0.6733771075418996
    ],
    [
      0.8243152643188318,
      0.08938780901198379,
      0.15542911205644253,
      0.15337262543026708,
      -0.03647622229659637,
      0.7475249014436101,
      0.9739272690366134,
      0.9617369540521815,
      0.10145046740505176,
      0.040975115525699324,
      0.7050049754565387,
      0.9542124355291404,
      0.37974485004468944,
      0.6686850570434165,
      1.0,
      0.6719256277287181,
      0.26035539338724456,
      0.6224072557699574,
      0.9391695627979704,
      0.20638698833125585,
      0.33512087075987695
    ],
    [
      0.5831930398630959,
      0.2038053967932989,
      0.21856914761739915,
      0.39613998092265434,
      0.0999123481838949,
      0.6403427696012318,
      0.7049316617418543,
      0.7002422122282312,
      0.1598721951791849,
      0.11737796692426888,
      0.8424130284801905,
      0.6945321584046475,
      0.39745795483728086,
      0.6006651997255866,
      0.6719256277287181,
      1.0,
      0.21337896475795057,
      0.41662997429504145,
      0.6937433474015018,
      0.2689150430933452,
      0.32254782344518623
    ],
    [
      0.25419103219609357,
      -0.12816703261702736,
      0.5275463783440489,
      0.04274886786673047,
      -0.20616738861293996,
      0.3978477301492676,
      0.273374830856414,
      0.384104848499042,
      0.007993280389417885,
      -0.11752492195082921,
      0.24273639736588484,
      0.27101910838901305,
      0.3077292245582225,
      0.5281939758054867,
      0.26035539338724456,
      0.21337896475795057,
      1.0,
      0.4088179855754407,
      0.25588010633864144,
      0.25903192382689877,
      0.23022433598413863
    ],
    [
      0.6006988309188976,
      0.06577080391075042,
      0.03927882548722024,
      0.02805860505832234,
      -0.037809290321748734,
      0.7376521789554957,
      0.578778146906627,
      0.7432763077130797,
      0.09538391661772007,
      0.030023180057305636,
      0.5476546783617702,
      0.5364147368713695,
      0.5777702928022466,
      0.8432152976661309,
      0.6224072557699574,
      0.41662997429504145,
      0.4088179855754407,
      1.0,
      0.5059368914260484,
      0.3473781791999212,
      0.5095932214244372
    ],
    [
      0.7684341328279378,
      0.060268708242496694,
      0.18358682294245948,
      0.1812102519362111,
      -0.057261270379315346,
      0.7291232708540771,
      0.9697572348187606,
      0.9080515159925391,
      0.0644693103027999,
      0.01893071159380042,
      0.7047983936387654,
      0.9933882922827183,
      0.2834230818216163,
      0.6332154810974933,
      0.9391695627979704,
      0.6937433474015018,
      0.25588010633864144,
      0.5059368914260484,
      1.0,
      0.16950828492460257,
      0.2342105614071096
    ],
    [
      0.1899991133100237,
      0.30284970387457677,
      0.10913828814486333,
      0.18707184921532563,
      0.26144424608638545,
      0.329066259426951,
      0.21598105067561477,
      0.3352249594601159,
      0.3002844418858592,
      0.2694694516174865,
      0.3603675060840614,
      0.17347607666750067,
      0.595971651399739,
      0.522912277833094,
      0.20638698833125585,
      0.2689150430933452,
      0.25903192382689877,
      0.3473781791999212,
      0.16950828492460257,
      1.0,
      0.3792745388509478
    ],
    [
      0.32033307155872065,
      0.26504733909408723,
      -0.013347797374658096,
      0.11092990010209876,
      0.19728132978118945,
      0.47346293898109043,
      0.3106565648481828,
      0.4763271414458316,
      0.23808698005759252,
      0.21255410008668488,
      0.4693580219529607,
      0.24715972194009456,
      0.6017023162154806,
      0.6733771075418996,
      0.33512087075987695,
      0.32254782344518623,
      0.23022433598413863,
      0.5095932214244372,
      0.2342105614071096,
      0.3792745388509478,
      1.0
    ]
  ],
  "generated_at": "2026-07-06T22:06:59.575858Z",
  "synthetic": false
}