{
  "tickers": [
    "ARKK",
    "BND",
    "DJP",
    "GLD",
    "IEF",
    "IWM",
    "QQQ",
    "SPY",
    "TIP",
    "TLT",
    "VEA",
    "VGT",
    "VNQ",
    "VTV",
    "VUG",
    "VWO",
    "XLE",
    "XLF",
    "XLK",
    "XLU",
    "XLV"
  ],
  "matrix": [
    [
      1.0,
      0.0915886863733898,
      0.14659251493470477,
      0.1794018961302165,
      -0.016392869631531866,
      0.8087658414335135,
      0.8204414297153335,
      0.8139201342419629,
      0.10118624909984561,
      0.040786020172444135,
      0.634519765858388,
      0.8019877425857115,
      0.38010733459423157,
      0.6274867824595596,
      0.8253477543310725,
      0.5835169401650508,
      0.256995051806141,
      0.601686978267672,
      0.7769124268054917,
      0.1977181193221784,
      0.3252355639403643
    ],
    [
      0.0915886863733898,
      1.0,
      -0.08330464407386329,
      0.19137130202281338,
      0.9753987112118442,
      0.18047139211861435,
      0.10141538799044589,
      0.1442913512510769,
      0.8781546358081249,
      0.9347902099379747,
      0.3172260641588952,
      0.0704347216641513,
      0.4083477844837973,
      0.19618621049424484,
      0.09832696741525994,
      0.2097105280657807,
      -0.12691592189479892,
      0.06634218856001763,
      0.06967622579632295,
      0.29924976142807147,
      0.2602219275086176
    ],
    [
      0.14659251493470477,
      -0.08330464407386329,
      1.0,
      0.4815027221800136,
      -0.11775090821984655,
      0.11113462910387406,
      0.17905883913860532,
      0.17238853158161593,
      0.07776959375828822,
      -0.08807019056726624,
      0.1688013218329867,
      0.18006351720049618,
      0.08012943102977663,
      0.14928194364587913,
      0.15882933948273784,
      0.2159307879315431,
      0.5295426565719569,
      0.04059590441069372,
      0.1789250906856626,
      0.11622790143695026,
      -0.006965670817479903
    ],
    [
      0.1794018961302165,
      0.19137130202281338,
      0.4815027221800136,
      1.0,
      0.18483591634095117,
      0.19479137555809875,
      0.19207224272782955,
      0.17264544333747253,
      0.2021510542227769,
      0.10268843236898605,
      0.4125995856720123,
      0.1872485808407976,
      0.148475846922223,
      0.16375967450741552,
      0.1617650310793312,
      0.40180338919519537,
      0.041340737580358805,
      0.023706309559500167,
      0.19244288274901813,
      0.18417375072559292,
      0.1023332295196688
    ],
    [
      -0.016392869631531866,
      0.9753987112118442,
      -0.11775090821984655,
      0.18483591634095117,
      1.0,
      0.061016282856533245,
      -0.022917050635261345,
      0.008809758911640724,
      0.8688004375760783,
      0.9091088179961062,
      0.2099640712359072,
      -0.05015108049812571,
      0.3237357255421677,
      0.07742884400911763,
      -0.027049225387121418,
      0.10629837628720991,
      -0.20448282129663184,
      -0.03589288705274767,
      -0.047941117046009736,
      0.2584520126928037,
      0.19077351261296066
    ],
    [
      0.8087658414335135,
      0.18047139211861435,
      0.11113462910387406,
      0.19479137555809875,
      0.061016282856533245,
      1.0,
      0.7661181032060308,
      0.8373789667262467,
      0.1779706471559878,
      0.1206370618804781,
      0.724529491305691,
      0.757953545691101,
      0.5928119303474032,
      0.8466581621323299,
      0.7488875076577539,
      0.6403329213543979,
      0.39839667710617,
      0.74367029927383,
      0.7328910410345206,
      0.3339652250498933,
      0.4845606811214731
    ],
    [
      0.8204414297153335,
      0.10141538799044589,
      0.17905883913860532,
      0.19207224272782955,
      -0.022917050635261345,
      0.7661181032060308,
      1.0,
      0.9576354245656749,
      0.1187533891352091,
      0.05071335645026117,
      0.7417724956152755,
      0.971038023114005,
      0.37775489689936875,
      0.6979459321041844,
      0.9774740376011596,
      0.7033000350947711,
      0.27563049428563097,
      0.5937428858672523,
      0.9689874865627186,
      0.23180372411478228,
      0.33615253127190214
    ],
    [
      0.8139201342419629,
      0.1442913512510769,
      0.17238853158161593,
      0.17264544333747253,
      0.008809758911640724,
      0.8373789667262467,
      0.9576354245656749,
      1.0,
      0.16220356498267835,
      0.09391291745296255,
      0.7744573427170751,
      0.9235803158743355,
      0.5383103880278336,
      0.840136997579224,
      0.9625379680881742,
      0.6984089112551067,
      0.38532780365914854,
      0.7494701169155144,
      0.9112538093369114,
      0.34694138808345226,
      0.4951212822673221
    ],
    [
      0.10118624909984561,
      0.8781546358081249,
      0.07776959375828822,
      0.2021510542227769,
      0.8688004375760783,
      0.1779706471559878,
      0.1187533891352091,
      0.16220356498267835,
      1.0,
      0.8184329136015392,
      0.2789674228458335,
      0.08211383730955203,
      0.3709650392016264,
      0.21053930204930796,
      0.11454995762256216,
      0.17214068593318885,
      0.014089948507547516,
      0.09469919999800519,
      0.0832011846036979,
      0.27940720354788184,
      0.22707751585440344
    ],
    [
      0.040786020172444135,
      0.9347902099379747,
      -0.08807019056726624,
      0.10268843236898605,
      0.9091088179961062,
      0.1206370618804781,
      0.05071335645026117,
      0.09391291745296255,
      0.8184329136015392,
      1.0,
      0.22502746493012055,
      0.026171543919420916,
      0.35396848802522246,
      0.14140565762278828,
      0.048742885347058375,
      0.12154388295317849,
      -0.11707989545257658,
      0.03287097902392801,
      0.02465762816759666,
      0.27101140832604836,
      0.2112098226391018
    ],
    [
      0.634519765858388,
      0.3172260641588952,
      0.1688013218329867,
      0.4125995856720123,
      0.2099640712359072,
      0.724529491305691,
      0.7417724956152755,
      0.7744573427170751,
      0.2789674228458335,
      0.22502746493012055,
      1.0,
      0.7048033630678348,
      0.5486596902464246,
      0.7415073627787531,
      0.7094522018947848,
      0.8440679313597736,
      0.2419714019493783,
      0.5554963707397141,
      0.7068461197458416,
      0.36538366501569186,
      0.4846513293589918
    ],
    [
      0.8019877425857115,
      0.0704347216641513,
      0.18006351720049618,
      0.1872485808407976,
      -0.05015108049812571,
      0.757953545691101,
      0.971038023114005,
      0.9235803158743355,
      0.08211383730955203,
      0.026171543919420916,
      0.7048033630678348,
      1.0,
      0.3241361717764058,
      0.6507863037076024,
      0.9562195946039636,
      0.6932922893210592,
      0.2751238909729552,
      0.5505786457792927,
      0.9935352549798567,
      0.18780734624172246,
      0.27125485788086023
    ],
    [
      0.38010733459423157,
      0.4083477844837973,
      0.08012943102977663,
      0.148475846922223,
      0.3237357255421677,
      0.5928119303474032,
      0.37775489689936875,
      0.5383103880278336,
      0.3709650392016264,
      0.35396848802522246,
      0.5486596902464246,
      0.3241361717764058,
      1.0,
      0.719021132612351,
      0.3922124377843378,
      0.40962725245558246,
      0.3080700384981692,
      0.5803547841747401,
      0.30461783934256165,
      0.5881725088247156,
      0.5936907450917809
    ],
    [
      0.6274867824595596,
      0.19618621049424484,
      0.14928194364587913,
      0.16375967450741552,
      0.07742884400911763,
      0.8466581621323299,
      0.6979459321041844,
      0.840136997579224,
      0.21053930204930796,
      0.14140565762278828,
      0.7415073627787531,
      0.6507863037076024,
      0.719021132612351,
      1.0,
      0.6762036886569732,
      0.6053783800511108,
      0.5263717115450002,
      0.8514247096045374,
      0.6420014090659848,
      0.5226280391392601,
      0.6832478651179539
    ],
    [
      0.8253477543310725,
      0.09832696741525994,
      0.15882933948273784,
      0.1617650310793312,
      -0.027049225387121418,
      0.7488875076577539,
      0.9774740376011596,
      0.9625379680881742,
      0.11454995762256216,
      0.048742885347058375,
      0.7094522018947848,
      0.9562195946039636,
      0.3922124377843378,
      0.6762036886569732,
      1.0,
      0.6691146568093148,
      0.2634006439051559,
      0.6274606470338042,
      0.9430039448967963,
      0.22162340692756546,
      0.3537589612110991
    ],
    [
      0.5835169401650508,
      0.2097105280657807,
      0.2159307879315431,
      0.40180338919519537,
      0.10629837628720991,
      0.6403329213543979,
      0.7033000350947711,
      0.6984089112551067,
      0.17214068593318885,
      0.12154388295317849,
      0.8440679313597736,
      0.6932922893210592,
      0.40962725245558246,
      0.6053783800511108,
      0.6691146568093148,
      1.0,
      0.21695049752512943,
      0.4211889219423784,
      0.6937656400764823,
      0.27951384709189114,
      0.3385068143288015
    ],
    [
      0.256995051806141,
      -0.12691592189479892,
      0.5295426565719569,
      0.041340737580358805,
      -0.20448282129663184,
      0.39839667710617,
      0.27563049428563097,
      0.38532780365914854,
      0.014089948507547516,
      -0.11707989545257658,
      0.2419714019493783,
      0.2751238909729552,
      0.3080700384981692,
      0.5263717115450002,
      0.2634006439051559,
      0.21695049752512943,
      1.0,
      0.4126418514906958,
      0.26058877586853707,
      0.2549761034904635,
      0.22945186390274772
    ],
    [
      0.601686978267672,
      0.06634218856001763,
      0.04059590441069372,
      0.023706309559500167,
      -0.03589288705274767,
      0.74367029927383,
      0.5937428858672523,
      0.7494701169155144,
      0.09469919999800519,
      0.03287097902392801,
      0.5554963707397141,
      0.5505786457792927,
      0.5803547841747401,
      0.8514247096045374,
      0.6274606470338042,
      0.4211889219423784,
      0.4126418514906958,
      1.0,
      0.5236176717375169,
      0.3530029895027496,
      0.5148489556719494
    ],
    [
      0.7769124268054917,
      0.06967622579632295,
      0.1789250906856626,
      0.19244288274901813,
      -0.047941117046009736,
      0.7328910410345206,
      0.9689874865627186,
      0.9112538093369114,
      0.0832011846036979,
      0.02465762816759666,
      0.7068461197458416,
      0.9935352549798567,
      0.30461783934256165,
      0.6420014090659848,
      0.9430039448967963,
      0.6937656400764823,
      0.26058877586853707,
      0.5236176717375169,
      1.0,
      0.1854214120032087,
      0.26179153727481
    ],
    [
      0.1977181193221784,
      0.29924976142807147,
      0.11622790143695026,
      0.18417375072559292,
      0.2584520126928037,
      0.3339652250498933,
      0.23180372411478228,
      0.34694138808345226,
      0.27940720354788184,
      0.27101140832604836,
      0.36538366501569186,
      0.18780734624172246,
      0.5881725088247156,
      0.5226280391392601,
      0.22162340692756546,
      0.27951384709189114,
      0.2549761034904635,
      0.3530029895027496,
      0.1854214120032087,
      1.0,
      0.36815468789419675
    ],
    [
      0.3252355639403643,
      0.2602219275086176,
      -0.006965670817479903,
      0.1023332295196688,
      0.19077351261296066,
      0.4845606811214731,
      0.33615253127190214,
      0.4951212822673221,
      0.22707751585440344,
      0.2112098226391018,
      0.4846513293589918,
      0.27125485788086023,
      0.5936907450917809,
      0.6832478651179539,
      0.3537589612110991,
      0.3385068143288015,
      0.22945186390274772,
      0.5148489556719494,
      0.26179153727481,
      0.36815468789419675,
      1.0
    ]
  ],
  "generated_at": "2026-06-24T22:09:10.881904Z",
  "synthetic": false
}