{
  "tickers": [
    "ARKK",
    "BND",
    "DJP",
    "GLD",
    "IEF",
    "IWM",
    "QQQ",
    "SPY",
    "TIP",
    "TLT",
    "VEA",
    "VGT",
    "VNQ",
    "VTV",
    "VUG",
    "VWO",
    "XLE",
    "XLF",
    "XLK",
    "XLU",
    "XLV"
  ],
  "matrix": [
    [
      1.0,
      0.09237668011607379,
      0.1443829107715619,
      0.17999125937854998,
      -0.015303123598618483,
      0.808369520826874,
      0.8171592996151094,
      0.811936074548149,
      0.10201756437694201,
      0.041236808577700464,
      0.6318703091501907,
      0.7996337758369874,
      0.3813889851533203,
      0.6231069761085803,
      0.8241091796434137,
      0.5828435596019618,
      0.25633146220957687,
      0.6021779331759787,
      0.7736230852306255,
      0.1984483713862723,
      0.3257417497994314
    ],
    [
      0.09237668011607379,
      1.0,
      -0.08508772557470366,
      0.18937105610845315,
      0.975095819692699,
      0.17971070052527713,
      0.10136077847422528,
      0.14437427771728006,
      0.8775772989520398,
      0.9342556630254182,
      0.3151100200186092,
      0.07050021027472719,
      0.41065654152025266,
      0.19469637773854348,
      0.09889430161441011,
      0.2090631619170559,
      -0.12985188910771142,
      0.06452235656033276,
      0.06890161661356382,
      0.29879791784555093,
      0.25914154316098137
    ],
    [
      0.1443829107715619,
      -0.08508772557470366,
      1.0,
      0.479869313471259,
      -0.12026276854547106,
      0.11135849561144566,
      0.18152177698427427,
      0.17308903241115065,
      0.07696051582522052,
      -0.09038254321471624,
      0.17222566041536264,
      0.18082152240034535,
      0.07372955872063983,
      0.1548866119470697,
      0.1563779368686006,
      0.2146171283462279,
      0.5298916387185972,
      0.03821425196697744,
      0.18116063984989125,
      0.11630505458439928,
      -0.0066019040927401485
    ],
    [
      0.17999125937854998,
      0.18937105610845315,
      0.479869313471259,
      1.0,
      0.18320247696642938,
      0.19435442897802593,
      0.19094792077315767,
      0.1716029815279943,
      0.20132328652702935,
      0.09966323458791285,
      0.4109416108990924,
      0.18574148301378182,
      0.14513447265618779,
      0.16295174827125036,
      0.16058385273526257,
      0.4005855259975088,
      0.040404475337391735,
      0.022668505412928634,
      0.19093296319279346,
      0.18490478540988142,
      0.10678824121530799
    ],
    [
      -0.015303123598618483,
      0.975095819692699,
      -0.12026276854547106,
      0.18320247696642938,
      1.0,
      0.05988860882329611,
      -0.024054938916072827,
      0.007955157228976535,
      0.8683401478109392,
      0.9080727372691798,
      0.2067987187306786,
      -0.05103678826585452,
      0.32724230548537675,
      0.07486701125301817,
      -0.026971136395612636,
      0.10501341903725744,
      -0.20797343779074678,
      -0.03790526628254566,
      -0.049847621592430405,
      0.258289669535926,
      0.19243372921436436
    ],
    [
      0.808369520826874,
      0.17971070052527713,
      0.11135849561144566,
      0.19435442897802593,
      0.05988860882329611,
      1.0,
      0.7653207839552953,
      0.8368943605497354,
      0.17747385948954364,
      0.11944311723944215,
      0.7238827658739223,
      0.7574124801397875,
      0.5924052903337725,
      0.845046093234423,
      0.7478093959585012,
      0.6399515635037857,
      0.3984551783343792,
      0.7434330370851002,
      0.7319876045477789,
      0.33424897465830344,
      0.4816336851017213
    ],
    [
      0.8171592996151094,
      0.10136077847422528,
      0.18152177698427427,
      0.19094792077315767,
      -0.024054938916072827,
      0.7653207839552953,
      1.0,
      0.9574207293400684,
      0.11802368954069202,
      0.05095792660823793,
      0.7427536254178403,
      0.9709336363587137,
      0.37339275552670526,
      0.6988279360834807,
      0.9754228277906959,
      0.7028246249858159,
      0.27674486699562734,
      0.5923379976161829,
      0.9691267588803758,
      0.23059345431036102,
      0.32722118708070114
    ],
    [
      0.811936074548149,
      0.14437427771728006,
      0.17308903241115065,
      0.1716029815279943,
      0.007955157228976535,
      0.8368943605497354,
      0.9574207293400684,
      1.0,
      0.1614601397255979,
      0.0943094756215262,
      0.7744248009393155,
      0.9237100800570075,
      0.5353979235495693,
      0.8388750948670722,
      0.9617914900074034,
      0.6985190834035867,
      0.3857896055773792,
      0.7489750336181433,
      0.9111833390107646,
      0.3456532558455115,
      0.4851275515523209
    ],
    [
      0.10201756437694201,
      0.8775772989520398,
      0.07696051582522052,
      0.20132328652702935,
      0.8683401478109392,
      0.17747385948954364,
      0.11802368954069202,
      0.1614601397255979,
      1.0,
      0.8172001767374526,
      0.27712151105206606,
      0.08139434702187898,
      0.3736680696753524,
      0.20941007240521578,
      0.11382995208570709,
      0.1708117519760498,
      0.012475972098503929,
      0.09313658307011936,
      0.08189061044081969,
      0.279810907978568,
      0.2296553011025589
    ],
    [
      0.041236808577700464,
      0.9342556630254182,
      -0.09038254321471624,
      0.09966323458791285,
      0.9080727372691798,
      0.11944311723944215,
      0.05095792660823793,
      0.0943094756215262,
      0.8172001767374526,
      1.0,
      0.22263336970765776,
      0.026626080221787037,
      0.3559972226091029,
      0.13980962034048863,
      0.04981613152382446,
      0.12094706830167709,
      -0.12039679169146825,
      0.030887356633364744,
      0.02418964828928717,
      0.2698809273277994,
      0.20829237617166846
    ],
    [
      0.6318703091501907,
      0.3151100200186092,
      0.17222566041536264,
      0.4109416108990924,
      0.2067987187306786,
      0.7238827658739223,
      0.7427536254178403,
      0.7744248009393155,
      0.27712151105206606,
      0.22263336970765776,
      1.0,
      0.7051504657313615,
      0.5447837332553886,
      0.7426866816450601,
      0.70732102085315,
      0.8423133131402297,
      0.24256977767765447,
      0.5525971486710849,
      0.7075353316495261,
      0.3640494895719477,
      0.47601150666248004
    ],
    [
      0.7996337758369874,
      0.07050021027472719,
      0.18082152240034535,
      0.18574148301378182,
      -0.05103678826585452,
      0.7574124801397875,
      0.9709336363587137,
      0.9237100800570075,
      0.08139434702187898,
      0.026626080221787037,
      0.7051504657313615,
      1.0,
      0.32020227753855673,
      0.6506414592548245,
      0.9553030525231444,
      0.6932744092164815,
      0.2755982123364835,
      0.5499206377487402,
      0.9934368038386804,
      0.1866429947338433,
      0.2631120172997006
    ],
    [
      0.3813889851533203,
      0.41065654152025266,
      0.07372955872063983,
      0.14513447265618779,
      0.32724230548537675,
      0.5924052903337725,
      0.37339275552670526,
      0.5353979235495693,
      0.3736680696753524,
      0.3559972226091029,
      0.5447837332553886,
      0.32020227753855673,
      1.0,
      0.7132418345434197,
      0.390204315677707,
      0.40700858996639677,
      0.3043643511971619,
      0.5798099693722262,
      0.300013458238633,
      0.5909057233987939,
      0.5973870879811519
    ],
    [
      0.6231069761085803,
      0.19469637773854348,
      0.1548866119470697,
      0.16295174827125036,
      0.07486701125301817,
      0.845046093234423,
      0.6988279360834807,
      0.8388750948670722,
      0.20941007240521578,
      0.13980962034048863,
      0.7426866816450601,
      0.6506414592548245,
      0.7132418345434197,
      1.0,
      0.6723677775663042,
      0.602860778755711,
      0.5266993864126572,
      0.846090149490822,
      0.6427622481526857,
      0.5202550908931868,
      0.6698954624621991
    ],
    [
      0.8241091796434137,
      0.09889430161441011,
      0.1563779368686006,
      0.16058385273526257,
      -0.026971136395612636,
      0.7478093959585012,
      0.9754228277906959,
      0.9617914900074034,
      0.11382995208570709,
      0.04981613152382446,
      0.70732102085315,
      0.9553030525231444,
      0.390204315677707,
      0.6723677775663042,
      1.0,
      0.669581524461861,
      0.26289808902308004,
      0.6282608654065984,
      0.9412499593831146,
      0.22029194133442734,
      0.3458567911735289
    ],
    [
      0.5828435596019618,
      0.2090631619170559,
      0.2146171283462279,
      0.4005855259975088,
      0.10501341903725744,
      0.6399515635037857,
      0.7028246249858159,
      0.6985190834035867,
      0.1708117519760498,
      0.12094706830167709,
      0.8423133131402297,
      0.6932744092164815,
      0.40700858996639677,
      0.602860778755711,
      0.669581524461861,
      1.0,
      0.2163748810638088,
      0.42097050417207943,
      0.6931775417222223,
      0.2780758173306484,
      0.33100015666541993
    ],
    [
      0.25633146220957687,
      -0.12985188910771142,
      0.5298916387185972,
      0.040404475337391735,
      -0.20797343779074678,
      0.3984551783343792,
      0.27674486699562734,
      0.3857896055773792,
      0.012475972098503929,
      -0.12039679169146825,
      0.24256977767765447,
      0.2755982123364835,
      0.3043643511971619,
      0.5266993864126572,
      0.26289808902308004,
      0.2163748810638088,
      1.0,
      0.41111432588099084,
      0.2613687878164157,
      0.2543736519033056,
      0.22608732385421595
    ],
    [
      0.6021779331759787,
      0.06452235656033276,
      0.03821425196697744,
      0.022668505412928634,
      -0.03790526628254566,
      0.7434330370851002,
      0.5923379976161829,
      0.7489750336181433,
      0.09313658307011936,
      0.030887356633364744,
      0.5525971486710849,
      0.5499206377487402,
      0.5798099693722262,
      0.846090149490822,
      0.6282608654065984,
      0.42097050417207943,
      0.41111432588099084,
      1.0,
      0.5219602659964556,
      0.35184872207789913,
      0.5079893763036358
    ],
    [
      0.7736230852306255,
      0.06890161661356382,
      0.18116063984989125,
      0.19093296319279346,
      -0.049847621592430405,
      0.7319876045477789,
      0.9691267588803758,
      0.9111833390107646,
      0.08189061044081969,
      0.02418964828928717,
      0.7075353316495261,
      0.9934368038386804,
      0.300013458238633,
      0.6427622481526857,
      0.9412499593831146,
      0.6931775417222223,
      0.2613687878164157,
      0.5219602659964556,
      1.0,
      0.1838218588399665,
      0.2525668963089493
    ],
    [
      0.1984483713862723,
      0.29879791784555093,
      0.11630505458439928,
      0.18490478540988142,
      0.258289669535926,
      0.33424897465830344,
      0.23059345431036102,
      0.3456532558455115,
      0.279810907978568,
      0.2698809273277994,
      0.3640494895719477,
      0.1866429947338433,
      0.5909057233987939,
      0.5202550908931868,
      0.22029194133442734,
      0.2780758173306484,
      0.2543736519033056,
      0.35184872207789913,
      0.1838218588399665,
      1.0,
      0.36941132028258983
    ],
    [
      0.3257417497994314,
      0.25914154316098137,
      -0.0066019040927401485,
      0.10678824121530799,
      0.19243372921436436,
      0.4816336851017213,
      0.32722118708070114,
      0.4851275515523209,
      0.2296553011025589,
      0.20829237617166846,
      0.47601150666248004,
      0.2631120172997006,
      0.5973870879811519,
      0.6698954624621991,
      0.3458567911735289,
      0.33100015666541993,
      0.22608732385421595,
      0.5079893763036358,
      0.2525668963089493,
      0.36941132028258983,
      1.0
    ]
  ],
  "generated_at": "2026-06-26T22:04:33.866191Z",
  "synthetic": false
}