{
  "tickers": [
    "ARKK",
    "BND",
    "DJP",
    "GLD",
    "IEF",
    "IWM",
    "QQQ",
    "SPY",
    "TIP",
    "TLT",
    "VEA",
    "VGT",
    "VNQ",
    "VTV",
    "VUG",
    "VWO",
    "XLE",
    "XLF",
    "XLK",
    "XLU",
    "XLV"
  ],
  "matrix": [
    [
      1.0,
      0.09945001142177755,
      0.13957677044315453,
      0.18351498317825757,
      -0.00946031068752454,
      0.815214319556693,
      0.8165659656488197,
      0.8127787997263821,
      0.10712792117720808,
      0.04647328946927901,
      0.6346239969760462,
      0.7964373184435201,
      0.3750551856227514,
      0.6223694620567107,
      0.8259785013859199,
      0.5870815834050775,
      0.23936167708668182,
      0.5986475143510105,
      0.7700366420341113,
      0.1908967071850398,
      0.3170793448736052
    ],
    [
      0.09945001142177755,
      1.0,
      -0.10331740004209025,
      0.19197731951428365,
      0.9746903804406223,
      0.18083312892723624,
      0.10771194148705876,
      0.1462658960696634,
      0.8764932459360196,
      0.9331359865825475,
      0.31732261151368113,
      0.07616213309015564,
      0.4071570594844356,
      0.1967596848662622,
      0.10142060239083449,
      0.20934814875062982,
      -0.13939396064856732,
      0.06830213017838613,
      0.07602314201015344,
      0.28170673538502033,
      0.25503959319933667
    ],
    [
      0.13957677044315453,
      -0.10331740004209025,
      1.0,
      0.46425420099500353,
      -0.13575024913108483,
      0.11227196521179808,
      0.17541125713374803,
      0.1690418433819106,
      0.06513309897877324,
      -0.10625556027353955,
      0.16263635325803402,
      0.17761535982514542,
      0.0693132587008499,
      0.15246072861053284,
      0.15137556347934117,
      0.20667204848215667,
      0.5356145351795686,
      0.03940713077584723,
      0.17719485194597065,
      0.10522438215190498,
      -0.01255480168155978
    ],
    [
      0.18351498317825757,
      0.19197731951428365,
      0.46425420099500353,
      1.0,
      0.18489170206746663,
      0.1957731621098706,
      0.192390261598979,
      0.1730970002229527,
      0.200722984816491,
      0.10027896709499794,
      0.4146408143188254,
      0.18615215330077983,
      0.1409697313542823,
      0.16553490124198053,
      0.1624463232326718,
      0.40075239265091017,
      0.026744556275522195,
      0.02762883799895559,
      0.19183555907005317,
      0.18079614719828166,
      0.10673429613197763
    ],
    [
      -0.00946031068752454,
      0.9746903804406223,
      -0.13575024913108483,
      0.18489170206746663,
      1.0,
      0.0570971747862323,
      -0.017972373418842773,
      0.00857564267200434,
      0.8669621628785794,
      0.9068652483147661,
      0.20877013159302465,
      -0.04540996343996968,
      0.32139597808784937,
      0.07538801534542644,
      -0.025233164672094334,
      0.1054329845980118,
      -0.21668123546143978,
      -0.03569108463020745,
      -0.04233275615373916,
      0.24314157656267144,
      0.18820826704536964
    ],
    [
      0.815214319556693,
      0.18083312892723624,
      0.11227196521179808,
      0.1957731621098706,
      0.0570971747862323,
      1.0,
      0.779328784422486,
      0.8471920450453647,
      0.17558686197228937,
      0.1198884913295464,
      0.7306915865024285,
      0.7668229865496768,
      0.5754659829748079,
      0.8448606316000514,
      0.7631143844036419,
      0.6448318325889052,
      0.38124932311183296,
      0.7381718922572381,
      0.7427595220842529,
      0.3275260228295034,
      0.47099741340123014
    ],
    [
      0.8165659656488197,
      0.10771194148705876,
      0.17541125713374803,
      0.192390261598979,
      -0.017972373418842773,
      0.779328784422486,
      1.0,
      0.9545607553518151,
      0.12098426352490575,
      0.05484205198354769,
      0.7456837890322704,
      0.9716349933316648,
      0.3627161398120169,
      0.6921931246594752,
      0.9733257609331553,
      0.712570008527921,
      0.25918177953984317,
      0.5784302921193105,
      0.9696732506291253,
      0.21667685708520484,
      0.30384952018629247
    ],
    [
      0.8127787997263821,
      0.1462658960696634,
      0.1690418433819106,
      0.1730970002229527,
      0.00857564267200434,
      0.8471920450453647,
      0.9545607553518151,
      1.0,
      0.16186377182381856,
      0.09376218400624474,
      0.7746641495860191,
      0.9201851116789248,
      0.5315900414452989,
      0.8373112561535359,
      0.9619866497388864,
      0.7025368103316038,
      0.37393115142257477,
      0.7440182552576062,
      0.906111551578673,
      0.3381456998998831,
      0.47234210447211583
    ],
    [
      0.10712792117720808,
      0.8764932459360196,
      0.06513309897877324,
      0.200722984816491,
      0.8669621628785794,
      0.17558686197228937,
      0.12098426352490575,
      0.16186377182381856,
      1.0,
      0.816697024898383,
      0.27823857356647874,
      0.08347709564072975,
      0.36972986917031375,
      0.2112644945042165,
      0.11434529643465981,
      0.1732122016548696,
      0.006746653351365175,
      0.0953378502904325,
      0.08515830956027026,
      0.27198900794228253,
      0.22603901843252955
    ],
    [
      0.04647328946927901,
      0.9331359865825475,
      -0.10625556027353955,
      0.10027896709499794,
      0.9068652483147661,
      0.1198884913295464,
      0.05484205198354769,
      0.09376218400624474,
      0.816697024898383,
      1.0,
      0.22305874560902494,
      0.03098414781023286,
      0.35535862523515355,
      0.140771537430163,
      0.04939054321981482,
      0.1206333119065981,
      -0.1251695441070616,
      0.0332619182952954,
      0.029543795249106594,
      0.2527851831974214,
      0.2035980885701033
    ],
    [
      0.6346239969760462,
      0.31732261151368113,
      0.16263635325803402,
      0.4146408143188254,
      0.20877013159302465,
      0.7306915865024285,
      0.7456837890322704,
      0.7746641495860191,
      0.27823857356647874,
      0.22305874560902494,
      1.0,
      0.7060449687089673,
      0.533017252943248,
      0.7392714049536848,
      0.7092387460195471,
      0.8442053256456966,
      0.22478890351510872,
      0.5482300034347212,
      0.7084533020255781,
      0.3506694694281677,
      0.45846001109039913
    ],
    [
      0.7964373184435201,
      0.07616213309015564,
      0.17761535982514542,
      0.18615215330077983,
      -0.04540996343996968,
      0.7668229865496768,
      0.9716349933316648,
      0.9201851116789248,
      0.08347709564072975,
      0.03098414781023286,
      0.7060449687089673,
      1.0,
      0.30504969767404044,
      0.6412328103849895,
      0.9537814723863676,
      0.7009584364561354,
      0.2578221190367283,
      0.5333185019904404,
      0.9934853711228198,
      0.17218528816079073,
      0.23909469757765317
    ],
    [
      0.3750551856227514,
      0.4071570594844356,
      0.0693132587008499,
      0.1409697313542823,
      0.32139597808784937,
      0.5754659829748079,
      0.3627161398120169,
      0.5315900414452989,
      0.36972986917031375,
      0.35535862523515355,
      0.533017252943248,
      0.30504969767404044,
      1.0,
      0.7145731076682448,
      0.3867818293089955,
      0.3876614193612517,
      0.3029196437267654,
      0.5801850793361051,
      0.28437758181095973,
      0.5999494178905487,
      0.6052893147338735
    ],
    [
      0.6223694620567107,
      0.1967596848662622,
      0.15246072861053284,
      0.16553490124198053,
      0.07538801534542644,
      0.8448606316000514,
      0.6921931246594752,
      0.8373112561535359,
      0.2112644945042165,
      0.140771537430163,
      0.7392714049536848,
      0.6412328103849895,
      0.7145731076682448,
      1.0,
      0.6712215035923799,
      0.5965746312784489,
      0.5180522895534655,
      0.8444347255899455,
      0.6317789511283234,
      0.5255015105324488,
      0.6710142068368197
    ],
    [
      0.8259785013859199,
      0.10142060239083449,
      0.15137556347934117,
      0.1624463232326718,
      -0.025233164672094334,
      0.7631143844036419,
      0.9733257609331553,
      0.9619866497388864,
      0.11434529643465981,
      0.04939054321981482,
      0.7092387460195471,
      0.9537814723863676,
      0.3867818293089955,
      0.6712215035923799,
      1.0,
      0.6778338191434087,
      0.251304174952654,
      0.6232169541532303,
      0.9381719615658191,
      0.20955329101737435,
      0.3311714378730693
    ],
    [
      0.5870815834050775,
      0.20934814875062982,
      0.20667204848215667,
      0.40075239265091017,
      0.1054329845980118,
      0.6448318325889052,
      0.712570008527921,
      0.7025368103316038,
      0.1732122016548696,
      0.1206333119065981,
      0.8442053256456966,
      0.7009584364561354,
      0.3876614193612517,
      0.5965746312784489,
      0.6778338191434087,
      1.0,
      0.19840546846342716,
      0.4132991924824457,
      0.70114483487629,
      0.25608022651179224,
      0.3086875885521901
    ],
    [
      0.23936167708668182,
      -0.13939396064856732,
      0.5356145351795686,
      0.026744556275522195,
      -0.21668123546143978,
      0.38124932311183296,
      0.25918177953984317,
      0.37393115142257477,
      0.006746653351365175,
      -0.1251695441070616,
      0.22478890351510872,
      0.2578221190367283,
      0.3029196437267654,
      0.5180522895534655,
      0.251304174952654,
      0.19840546846342716,
      1.0,
      0.39762960726687036,
      0.2419157797347764,
      0.2660808044170158,
      0.2308696675516723
    ],
    [
      0.5986475143510105,
      0.06830213017838613,
      0.03940713077584723,
      0.02762883799895559,
      -0.03569108463020745,
      0.7381718922572381,
      0.5784302921193105,
      0.7440182552576062,
      0.0953378502904325,
      0.0332619182952954,
      0.5482300034347212,
      0.5333185019904404,
      0.5801850793361051,
      0.8444347255899455,
      0.6232169541532303,
      0.4132991924824457,
      0.39762960726687036,
      1.0,
      0.5036913624599091,
      0.3548589176483546,
      0.5098619901397211
    ],
    [
      0.7700366420341113,
      0.07602314201015344,
      0.17719485194597065,
      0.19183555907005317,
      -0.04233275615373916,
      0.7427595220842529,
      0.9696732506291253,
      0.906111551578673,
      0.08515830956027026,
      0.029543795249106594,
      0.7084533020255781,
      0.9934853711228198,
      0.28437758181095973,
      0.6317789511283234,
      0.9381719615658191,
      0.70114483487629,
      0.2419157797347764,
      0.5036913624599091,
      1.0,
      0.16748170271149923,
      0.22565526804562852
    ],
    [
      0.1908967071850398,
      0.28170673538502033,
      0.10522438215190498,
      0.18079614719828166,
      0.24314157656267144,
      0.3275260228295034,
      0.21667685708520484,
      0.3381456998998831,
      0.27198900794228253,
      0.2527851831974214,
      0.3506694694281677,
      0.17218528816079073,
      0.5999494178905487,
      0.5255015105324488,
      0.20955329101737435,
      0.25608022651179224,
      0.2660808044170158,
      0.3548589176483546,
      0.16748170271149923,
      1.0,
      0.37863365606781046
    ],
    [
      0.3170793448736052,
      0.25503959319933667,
      -0.01255480168155978,
      0.10673429613197763,
      0.18820826704536964,
      0.47099741340123014,
      0.30384952018629247,
      0.47234210447211583,
      0.22603901843252955,
      0.2035980885701033,
      0.45846001109039913,
      0.23909469757765317,
      0.6052893147338735,
      0.6710142068368197,
      0.3311714378730693,
      0.3086875885521901,
      0.2308696675516723,
      0.5098619901397211,
      0.22565526804562852,
      0.37863365606781046,
      1.0
    ]
  ],
  "generated_at": "2026-07-13T21:46:50.684338Z",
  "synthetic": false
}