{
  "tickers": [
    "ARKK",
    "BND",
    "DJP",
    "GLD",
    "IEF",
    "IWM",
    "QQQ",
    "SPY",
    "TIP",
    "TLT",
    "VEA",
    "VGT",
    "VNQ",
    "VTV",
    "VUG",
    "VWO",
    "XLE",
    "XLF",
    "XLK",
    "XLU",
    "XLV"
  ],
  "matrix": [
    [
      1.0,
      0.09107918347978095,
      0.1330850615820175,
      0.1865048094064578,
      -0.01541231475945029,
      0.8122179662179745,
      0.8196420968403246,
      0.8112025375310967,
      0.09857596111808505,
      0.032861944531269394,
      0.6356510551882476,
      0.7988697366642192,
      0.35829885392658567,
      0.6150783887388714,
      0.8269461821800984,
      0.5895039867347618,
      0.23894633279939398,
      0.5938485831057576,
      0.7741577086009331,
      0.18720494439651905,
      0.3028079052491401
    ],
    [
      0.09107918347978095,
      1.0,
      -0.11055811020703948,
      0.1859554879606431,
      0.9748233000254777,
      0.17182282508721458,
      0.10398080373000262,
      0.1414000058891437,
      0.8750298929885505,
      0.9321578192797146,
      0.31312619717948015,
      0.07116310433385292,
      0.4007739547601004,
      0.18489424756459436,
      0.09960812533745912,
      0.2039195329632107,
      -0.14510926846840527,
      0.06104500012814313,
      0.07109827992035905,
      0.27719493721117155,
      0.24460758924812478
    ],
    [
      0.1330850615820175,
      -0.11055811020703948,
      1.0,
      0.46542252916491006,
      -0.1407998993687794,
      0.10433376098252885,
      0.16691316507434828,
      0.1589181495788967,
      0.05954792094891854,
      -0.11336293576252883,
      0.15947524308062414,
      0.1721677951523453,
      0.05555638301301129,
      0.14302648185041422,
      0.1411738529798206,
      0.19789635717713971,
      0.5361896146240305,
      0.029396069487406563,
      0.17179833649922616,
      0.10376478616484122,
      -0.024002180972767538
    ],
    [
      0.1865048094064578,
      0.1859554879606431,
      0.46542252916491006,
      1.0,
      0.17971848312738659,
      0.18987927228944948,
      0.19780248099591424,
      0.17341075509451134,
      0.19717466801420533,
      0.09301438569520412,
      0.41897247294731577,
      0.19057118994567654,
      0.1294436136865514,
      0.1566837985357329,
      0.16667876555434563,
      0.40126664529666,
      0.026441407922664195,
      0.02105793391525288,
      0.19757993079117828,
      0.17777240738685632,
      0.09005198230657065
    ],
    [
      -0.01541231475945029,
      0.9748233000254777,
      -0.1407998993687794,
      0.17971848312738659,
      1.0,
      0.048781017881687774,
      -0.020328764548046586,
      0.005056885478969351,
      0.866295541215012,
      0.9066970233239645,
      0.20632752173812563,
      -0.049256402173832196,
      0.31632838290756776,
      0.06447187687061111,
      -0.02560372297767161,
      0.10148334856575787,
      -0.22178951683657147,
      -0.04177414086477241,
      -0.04612471808538349,
      0.23751440144882205,
      0.17835402221515248
    ],
    [
      0.8122179662179745,
      0.17182282508721458,
      0.10433376098252885,
      0.18987927228944948,
      0.048781017881687774,
      1.0,
      0.7831091038934566,
      0.8489745129543305,
      0.1669713178474015,
      0.10649235756576138,
      0.7313949550790912,
      0.7703873944501118,
      0.5688024558429664,
      0.8438398288680642,
      0.7655879148056426,
      0.6459996986605172,
      0.38611635684626405,
      0.7382009640135309,
      0.7477760471362803,
      0.3250621139424545,
      0.4646447215598658
    ],
    [
      0.8196420968403246,
      0.10398080373000262,
      0.16691316507434828,
      0.19780248099591424,
      -0.020328764548046586,
      0.7831091038934566,
      1.0,
      0.9538345730883729,
      0.11544641088512352,
      0.04657496392193892,
      0.7481098372907524,
      0.9705258528368154,
      0.35252857024554196,
      0.6922712659176571,
      0.971890676701333,
      0.7144061824010448,
      0.26048687526873443,
      0.5797913550137171,
      0.9684609155513825,
      0.21774259807055485,
      0.29966175182234484
    ],
    [
      0.8112025375310967,
      0.1414000058891437,
      0.1589181495788967,
      0.17341075509451134,
      0.005056885478969351,
      0.8489745129543305,
      0.9538345730883729,
      1.0,
      0.15559774734632018,
      0.08502224897819077,
      0.7734542789845649,
      0.9183429450044929,
      0.5239705090370508,
      0.8362195475605702,
      0.9619414166542308,
      0.7023399414482484,
      0.37446218975274875,
      0.7452927769186998,
      0.9040867235686401,
      0.3386829658628988,
      0.46836841908037036
    ],
    [
      0.09857596111808505,
      0.8750298929885505,
      0.05954792094891854,
      0.19717466801420533,
      0.866295541215012,
      0.1669713178474015,
      0.11544641088512352,
      0.15559774734632018,
      1.0,
      0.815170518679336,
      0.27333146550842363,
      0.07743756572121645,
      0.3627832056096904,
      0.19987679907537442,
      0.11019931960086503,
      0.1652731896624649,
      0.002088853315968353,
      0.08691069425725349,
      0.07944757769581774,
      0.26807458758246067,
      0.2165600828163875
    ],
    [
      0.032861944531269394,
      0.9321578192797146,
      -0.11336293576252883,
      0.09301438569520412,
      0.9066970233239645,
      0.10649235756576138,
      0.04657496392193892,
      0.08502224897819077,
      0.815170518679336,
      1.0,
      0.21719033705533705,
      0.022668080824884484,
      0.3487266047189687,
      0.12924446810664045,
      0.041812215974183706,
      0.1123280116715822,
      -0.13012128854115992,
      0.023474565058605273,
      0.022045093297203822,
      0.2514733496927272,
      0.19735935611016114
    ],
    [
      0.6356510551882476,
      0.31312619717948015,
      0.15947524308062414,
      0.41897247294731577,
      0.20632752173812563,
      0.7313949550790912,
      0.7481098372907524,
      0.7734542789845649,
      0.27333146550842363,
      0.21719033705533705,
      1.0,
      0.7080530805193467,
      0.520355708532744,
      0.7328248001390972,
      0.7103768246207426,
      0.8433326831292273,
      0.22277078465575406,
      0.5441742817723534,
      0.7113960345870264,
      0.34611281295773494,
      0.444715436198052
    ],
    [
      0.7988697366642192,
      0.07116310433385292,
      0.1721677951523453,
      0.19057118994567654,
      -0.049256402173832196,
      0.7703873944501118,
      0.9705258528368154,
      0.9183429450044929,
      0.07743756572121645,
      0.022668080824884484,
      0.7080530805193467,
      1.0,
      0.29467085450747205,
      0.642231062798977,
      0.9505578652055601,
      0.7010619279509761,
      0.2613509996069707,
      0.5338029401271195,
      0.9934786938785126,
      0.173893285011087,
      0.23621890150226038
    ],
    [
      0.35829885392658567,
      0.4007739547601004,
      0.05555638301301129,
      0.1294436136865514,
      0.31632838290756776,
      0.5688024558429664,
      0.35252857024554196,
      0.5239705090370508,
      0.3627832056096904,
      0.3487266047189687,
      0.520355708532744,
      0.29467085450747205,
      1.0,
      0.710196417807211,
      0.37765626442105027,
      0.37824271451848457,
      0.3027274680539948,
      0.5747044115541439,
      0.2737319696591303,
      0.5966271433756866,
      0.6084734278509777
    ],
    [
      0.6150783887388714,
      0.18489424756459436,
      0.14302648185041422,
      0.1566837985357329,
      0.06447187687061111,
      0.8438398288680642,
      0.6922712659176571,
      0.8362195475605702,
      0.19987679907537442,
      0.12924446810664045,
      0.7328248001390972,
      0.642231062798977,
      0.710196417807211,
      1.0,
      0.669709010696715,
      0.5909297712649104,
      0.5183187740820674,
      0.8411714317644996,
      0.6344566796142792,
      0.5276105996157116,
      0.6707402820078673
    ],
    [
      0.8269461821800984,
      0.09960812533745912,
      0.1411738529798206,
      0.16667876555434563,
      -0.02560372297767161,
      0.7655879148056426,
      0.971890676701333,
      0.9619414166542308,
      0.11019931960086503,
      0.041812215974183706,
      0.7103768246207426,
      0.9505578652055601,
      0.37765626442105027,
      0.669709010696715,
      1.0,
      0.680079817848551,
      0.2519971902926252,
      0.6262079754833443,
      0.9339170480897083,
      0.20951330574665486,
      0.32609254989979075
    ],
    [
      0.5895039867347618,
      0.2039195329632107,
      0.19789635717713971,
      0.40126664529666,
      0.10148334856575787,
      0.6459996986605172,
      0.7144061824010448,
      0.7023399414482484,
      0.1652731896624649,
      0.1123280116715822,
      0.8433326831292273,
      0.7010619279509761,
      0.37824271451848457,
      0.5909297712649104,
      0.680079817848551,
      1.0,
      0.1937836428347484,
      0.41245152292016474,
      0.701516529761206,
      0.25142670415624097,
      0.29913845965392877
    ],
    [
      0.23894633279939398,
      -0.14510926846840527,
      0.5361896146240305,
      0.026441407922664195,
      -0.22178951683657147,
      0.38611635684626405,
      0.26048687526873443,
      0.37446218975274875,
      0.002088853315968353,
      -0.13012128854115992,
      0.22277078465575406,
      0.2613509996069707,
      0.3027274680539948,
      0.5183187740820674,
      0.2519971902926252,
      0.1937836428347484,
      1.0,
      0.3951942843396999,
      0.2457177953941219,
      0.26769314130877125,
      0.23107952527692818
    ],
    [
      0.5938485831057576,
      0.06104500012814313,
      0.029396069487406563,
      0.02105793391525288,
      -0.04177414086477241,
      0.7382009640135309,
      0.5797913550137171,
      0.7452927769186998,
      0.08691069425725349,
      0.023474565058605273,
      0.5441742817723534,
      0.5338029401271195,
      0.5747044115541439,
      0.8411714317644996,
      0.6262079754833443,
      0.41245152292016474,
      0.3951942843396999,
      1.0,
      0.5043038082403509,
      0.35479591370204366,
      0.5056057047041356
    ],
    [
      0.7741577086009331,
      0.07109827992035905,
      0.17179833649922616,
      0.19757993079117828,
      -0.04612471808538349,
      0.7477760471362803,
      0.9684609155513825,
      0.9040867235686401,
      0.07944757769581774,
      0.022045093297203822,
      0.7113960345870264,
      0.9934786938785126,
      0.2737319696591303,
      0.6344566796142792,
      0.9339170480897083,
      0.701516529761206,
      0.2457177953941219,
      0.5043038082403509,
      1.0,
      0.17027108712173986,
      0.22513480898009383
    ],
    [
      0.18720494439651905,
      0.27719493721117155,
      0.10376478616484122,
      0.17777240738685632,
      0.23751440144882205,
      0.3250621139424545,
      0.21774259807055485,
      0.3386829658628988,
      0.26807458758246067,
      0.2514733496927272,
      0.34611281295773494,
      0.173893285011087,
      0.5966271433756866,
      0.5276105996157116,
      0.20951330574665486,
      0.25142670415624097,
      0.26769314130877125,
      0.35479591370204366,
      0.17027108712173986,
      1.0,
      0.3736334169372826
    ],
    [
      0.3028079052491401,
      0.24460758924812478,
      -0.024002180972767538,
      0.09005198230657065,
      0.17835402221515248,
      0.4646447215598658,
      0.29966175182234484,
      0.46836841908037036,
      0.2165600828163875,
      0.19735935611016114,
      0.444715436198052,
      0.23621890150226038,
      0.6084734278509777,
      0.6707402820078673,
      0.32609254989979075,
      0.29913845965392877,
      0.23107952527692818,
      0.5056057047041356,
      0.22513480898009383,
      0.3736334169372826,
      1.0
    ]
  ],
  "generated_at": "2026-07-23T21:58:02.384571Z",
  "synthetic": false
}