{
  "tickers": [
    "ARKK",
    "BND",
    "DJP",
    "GLD",
    "IEF",
    "IWM",
    "QQQ",
    "SPY",
    "TIP",
    "TLT",
    "VEA",
    "VGT",
    "VNQ",
    "VTV",
    "VUG",
    "VWO",
    "XLE",
    "XLF",
    "XLK",
    "XLU",
    "XLV"
  ],
  "matrix": [
    [
      1.0,
      0.09499329860188126,
      0.14155683126034022,
      0.17861491560480872,
      -0.013158887199602823,
      0.8081794993929605,
      0.8144725158766665,
      0.8121172999651416,
      0.10622509228671818,
      0.04293122422825065,
      0.6313948867903612,
      0.7951347059551622,
      0.3733282101710366,
      0.6220816778420319,
      0.8241671457628733,
      0.5840625529347961,
      0.24706910473502128,
      0.6003348191760339,
      0.7679140379663075,
      0.18843391104606913,
      0.3165097274318798
    ],
    [
      0.09499329860188126,
      1.0,
      -0.09643519600514401,
      0.1914356975983416,
      0.9749558019978161,
      0.1836713778491387,
      0.09647632439240227,
      0.14026704949383703,
      0.8704260629330566,
      0.9330490590834897,
      0.3157257766588413,
      0.0642462257375718,
      0.41633848710260746,
      0.1994598128011082,
      0.09121147271631447,
      0.2074230273202171,
      -0.13483120080524966,
      0.06904893077815177,
      0.06309284588201537,
      0.3006863343180756,
      0.2612729800799846
    ],
    [
      0.14155683126034022,
      -0.09643519600514401,
      1.0,
      0.4742979347735347,
      -0.12974266434567866,
      0.11292072496478088,
      0.18044736440189066,
      0.1715261545000236,
      0.06001249679067558,
      -0.0998611034838231,
      0.17095428547946706,
      0.18225726135183398,
      0.0674993305504118,
      0.15216023257228165,
      0.15476346675306027,
      0.21705918433310858,
      0.52815974043526,
      0.03610653992889544,
      0.1827226916070411,
      0.10836006433875714,
      -0.013890361950668033
    ],
    [
      0.17861491560480872,
      0.1914356975983416,
      0.4742979347735347,
      1.0,
      0.1853122173571932,
      0.19711784001764987,
      0.18290960571508547,
      0.16813490304480574,
      0.2054580860266129,
      0.1004998518830442,
      0.40977233898350846,
      0.17814258589849413,
      0.14814332968926916,
      0.16751964716733656,
      0.15436813175362268,
      0.39714776193899926,
      0.03764405396671609,
      0.03051371671018447,
      0.18234115569848391,
      0.18615889444483996,
      0.10931592692489296
    ],
    [
      -0.013158887199602823,
      0.9749558019978161,
      -0.12974266434567866,
      0.1853122173571932,
      1.0,
      0.06214003820354345,
      -0.027932971031510406,
      0.0034884967271861245,
      0.8618734151442473,
      0.9066501815844276,
      0.2077968110476476,
      -0.05563919034940969,
      0.33074029359904855,
      0.07860080665165614,
      -0.034174010450101926,
      0.10451561983202444,
      -0.21228547095316888,
      -0.034317939125754315,
      -0.05362646993839533,
      0.25932125841052345,
      0.19369812032408995
    ],
    [
      0.8081794993929605,
      0.1836713778491387,
      0.11292072496478088,
      0.19711784001764987,
      0.06214003820354345,
      1.0,
      0.7633029894919814,
      0.8362091287838012,
      0.17933804136831516,
      0.12140975782234159,
      0.7247029020376855,
      0.7542046345755167,
      0.5838277298515789,
      0.8435827597833784,
      0.7475489858204895,
      0.6399186422431845,
      0.39085062770776857,
      0.7382427180813905,
      0.7276863338218592,
      0.32854715077917773,
      0.47137706901727094
    ],
    [
      0.8144725158766665,
      0.09647632439240227,
      0.18044736440189066,
      0.18290960571508547,
      -0.027932971031510406,
      0.7633029894919814,
      1.0,
      0.9545468108578222,
      0.11035471611034975,
      0.04797934565035836,
      0.7411620972299368,
      0.9714161768773808,
      0.3528939298704906,
      0.6889702315413054,
      0.9735737994986903,
      0.7063374935034473,
      0.2667109776338041,
      0.5761067496975969,
      0.9696337372016115,
      0.212866271926966,
      0.30440171312896686
    ],
    [
      0.8121172999651416,
      0.14026704949383703,
      0.1715261545000236,
      0.16813490304480574,
      0.0034884967271861245,
      0.8362091287838012,
      0.9545468108578222,
      1.0,
      0.1551028407721606,
      0.09012696839279484,
      0.7731316091189389,
      0.9205131445151093,
      0.5242386791248822,
      0.8354194977473968,
      0.9615747123181327,
      0.6991893464218042,
      0.37950758761241354,
      0.7423385685365003,
      0.906436292716263,
      0.33442611798742006,
      0.47374418868308077
    ],
    [
      0.10622509228671818,
      0.8704260629330566,
      0.06001249679067558,
      0.2054580860266129,
      0.8618734151442473,
      0.17933804136831516,
      0.11035471611034975,
      0.1551028407721606,
      1.0,
      0.8047917619493578,
      0.2730723157879599,
      0.06529063978262117,
      0.3821044880505088,
      0.21301901882304083,
      0.10310314419567511,
      0.16345747608497357,
      0.0015908638322306528,
      0.09794358201761007,
      0.06686749395627271,
      0.29870054200092644,
      0.23521855429506583
    ],
    [
      0.04293122422825065,
      0.9330490590834897,
      -0.0998611034838231,
      0.1004998518830442,
      0.9066501815844276,
      0.12140975782234159,
      0.04797934565035836,
      0.09012696839279484,
      0.8047917619493578,
      1.0,
      0.22444722192449137,
      0.024219667143962127,
      0.3598570742322941,
      0.14269929906269527,
      0.043048786974648784,
      0.1220310161423889,
      -0.1235523145653363,
      0.032264207451471724,
      0.022375603529709652,
      0.2671815001003477,
      0.20855082425137544
    ],
    [
      0.6313948867903612,
      0.3157257766588413,
      0.17095428547946706,
      0.40977233898350846,
      0.2077968110476476,
      0.7247029020376855,
      0.7411620972299368,
      0.7731316091189389,
      0.2730723157879599,
      0.22444722192449137,
      1.0,
      0.702770614455389,
      0.5332408681849611,
      0.7408585008265448,
      0.7050748661303246,
      0.8426946858186197,
      0.23322313291553917,
      0.5481635505267436,
      0.7046483956066973,
      0.3577971404898888,
      0.4639611840536582
    ],
    [
      0.7951347059551622,
      0.0642462257375718,
      0.18225726135183398,
      0.17814258589849413,
      -0.05563919034940969,
      0.7542046345755167,
      0.9714161768773808,
      0.9205131445151093,
      0.06529063978262117,
      0.024219667143962127,
      0.702770614455389,
      1.0,
      0.2985939121732592,
      0.6396233803333731,
      0.9537772733500688,
      0.6959600116632401,
      0.26589866553426883,
      0.5322404629288408,
      0.9933783115240825,
      0.16996154521807266,
      0.24046633133988704
    ],
    [
      0.3733282101710366,
      0.41633848710260746,
      0.0674993305504118,
      0.14814332968926916,
      0.33074029359904855,
      0.5838277298515789,
      0.3528939298704906,
      0.5242386791248822,
      0.3821044880505088,
      0.3598570742322941,
      0.5332408681849611,
      0.2985939121732592,
      1.0,
      0.7139965024180827,
      0.3762843969004468,
      0.38928524262843645,
      0.30548325075879296,
      0.5793313674304841,
      0.27617957695810613,
      0.5973409953356443,
      0.6048199512389748
    ],
    [
      0.6220816778420319,
      0.1994598128011082,
      0.15216023257228165,
      0.16751964716733656,
      0.07860080665165614,
      0.8435827597833784,
      0.6889702315413054,
      0.8354194977473968,
      0.21301901882304083,
      0.14269929906269527,
      0.7408585008265448,
      0.6396233803333731,
      0.7139965024180827,
      1.0,
      0.6674357570065894,
      0.5971503413598954,
      0.5223670137544929,
      0.8438853148067905,
      0.6293782068648304,
      0.52341986290081,
      0.6729869598443413
    ],
    [
      0.8241671457628733,
      0.09121147271631447,
      0.15476346675306027,
      0.15436813175362268,
      -0.034174010450101926,
      0.7475489858204895,
      0.9735737994986903,
      0.9615747123181327,
      0.10310314419567511,
      0.043048786974648784,
      0.7050748661303246,
      0.9537772733500688,
      0.3762843969004468,
      0.6674357570065894,
      1.0,
      0.6719266294103662,
      0.25653863042524333,
      0.620326699347417,
      0.938518911266548,
      0.20473404106310897,
      0.33127757477813774
    ],
    [
      0.5840625529347961,
      0.2074230273202171,
      0.21705918433310858,
      0.39714776193899926,
      0.10451561983202444,
      0.6399186422431845,
      0.7063374935034473,
      0.6991893464218042,
      0.16345747608497357,
      0.1220310161423889,
      0.8426946858186197,
      0.6959600116632401,
      0.38928524262843645,
      0.5971503413598954,
      0.6719266294103662,
      1.0,
      0.20603498932199493,
      0.41310382428205,
      0.6954935501814637,
      0.26402934509403714,
      0.3135472974654636
    ],
    [
      0.24706910473502128,
      -0.13483120080524966,
      0.52815974043526,
      0.03764405396671609,
      -0.21228547095316888,
      0.39085062770776857,
      0.2667109776338041,
      0.37950758761241354,
      0.0015908638322306528,
      -0.1235523145653363,
      0.23322313291553917,
      0.26589866553426883,
      0.30548325075879296,
      0.5223670137544929,
      0.25653863042524333,
      0.20603498932199493,
      1.0,
      0.4017509263399845,
      0.24997679114900612,
      0.25899093788446187,
      0.23146462248037908
    ],
    [
      0.6003348191760339,
      0.06904893077815177,
      0.03610653992889544,
      0.03051371671018447,
      -0.034317939125754315,
      0.7382427180813905,
      0.5761067496975969,
      0.7423385685365003,
      0.09794358201761007,
      0.032264207451471724,
      0.5481635505267436,
      0.5322404629288408,
      0.5793313674304841,
      0.8438853148067905,
      0.620326699347417,
      0.41310382428205,
      0.4017509263399845,
      1.0,
      0.5016505092890156,
      0.34822999862458487,
      0.5097851027962298
    ],
    [
      0.7679140379663075,
      0.06309284588201537,
      0.1827226916070411,
      0.18234115569848391,
      -0.05362646993839533,
      0.7276863338218592,
      0.9696337372016115,
      0.906436292716263,
      0.06686749395627271,
      0.022375603529709652,
      0.7046483956066973,
      0.9933783115240825,
      0.27617957695810613,
      0.6293782068648304,
      0.938518911266548,
      0.6954935501814637,
      0.24997679114900612,
      0.5016505092890156,
      1.0,
      0.16555540015442902,
      0.22678768290146956
    ],
    [
      0.18843391104606913,
      0.3006863343180756,
      0.10836006433875714,
      0.18615889444483996,
      0.25932125841052345,
      0.32854715077917773,
      0.212866271926966,
      0.33442611798742006,
      0.29870054200092644,
      0.2671815001003477,
      0.3577971404898888,
      0.16996154521807266,
      0.5973409953356443,
      0.52341986290081,
      0.20473404106310897,
      0.26402934509403714,
      0.25899093788446187,
      0.34822999862458487,
      0.16555540015442902,
      1.0,
      0.3816921037715199
    ],
    [
      0.3165097274318798,
      0.2612729800799846,
      -0.013890361950668033,
      0.10931592692489296,
      0.19369812032408995,
      0.47137706901727094,
      0.30440171312896686,
      0.47374418868308077,
      0.23521855429506583,
      0.20855082425137544,
      0.4639611840536582,
      0.24046633133988704,
      0.6048199512389748,
      0.6729869598443413,
      0.33127757477813774,
      0.3135472974654636,
      0.23146462248037908,
      0.5097851027962298,
      0.22678768290146956,
      0.3816921037715199,
      1.0
    ]
  ],
  "generated_at": "2026-07-08T21:59:25.285104Z",
  "synthetic": false
}