{
  "tickers": [
    "ARKK",
    "BND",
    "DJP",
    "GLD",
    "IEF",
    "IWM",
    "QQQ",
    "SPY",
    "TIP",
    "TLT",
    "VEA",
    "VGT",
    "VNQ",
    "VTV",
    "VUG",
    "VWO",
    "XLE",
    "XLF",
    "XLK",
    "XLU",
    "XLV"
  ],
  "matrix": [
    [
      1.0,
      0.100387688042221,
      0.14051496979961695,
      0.18429637205812596,
      -0.008598984172878982,
      0.8151425838479218,
      0.8166986474297093,
      0.8127604595726068,
      0.10743119466953065,
      0.046656114279460904,
      0.6349185219503084,
      0.7965873412605543,
      0.3745507109594607,
      0.621450299219589,
      0.8261017629301947,
      0.5872353153269567,
      0.23950955981215294,
      0.59857556073676,
      0.7702068343843553,
      0.19067476566984842,
      0.3135492793038242
    ],
    [
      0.100387688042221,
      1.0,
      -0.10133452368515583,
      0.1932425549439204,
      0.9746946754993413,
      0.18103854876723086,
      0.10891533153729975,
      0.14662429077785377,
      0.8762248882505298,
      0.9326407118097964,
      0.31863086049956946,
      0.07738637232775562,
      0.406216948810178,
      0.19563696517255258,
      0.10247504806542969,
      0.2098329102564242,
      -0.1388875526651608,
      0.06845233871683172,
      0.07718636364697858,
      0.2812118358119454,
      0.2502754338130743
    ],
    [
      0.14051496979961695,
      -0.10133452368515583,
      1.0,
      0.4651376896811697,
      -0.13408901879518498,
      0.11254882703487756,
      0.17658250867498443,
      0.16939037944976973,
      0.06565528159200032,
      -0.10580881555695666,
      0.16434133180981286,
      0.1787597364966482,
      0.06864861150509531,
      0.15131670690875432,
      0.15241964212245468,
      0.20717592556295444,
      0.5354847451329248,
      0.03959529427033575,
      0.17828011688031045,
      0.104856848307757,
      -0.016291596895433157
    ],
    [
      0.18429637205812596,
      0.1932425549439204,
      0.4651376896811697,
      1.0,
      0.18592486088457547,
      0.19596232465124455,
      0.19339737281808422,
      0.1734147442280476,
      0.20107430561673253,
      0.1005006160939502,
      0.4156658695973542,
      0.18714708900262725,
      0.1403368851965715,
      0.16453546503834934,
      0.16335259743653746,
      0.40104222806479156,
      0.02707618507576908,
      0.027806075042998625,
      0.1927733195077949,
      0.180430341735149,
      0.10293982902114623
    ],
    [
      -0.008598984172878982,
      0.9746946754993413,
      -0.13408901879518498,
      0.18592486088457547,
      1.0,
      0.05735727758862553,
      -0.016854710561936364,
      0.008970427813021223,
      0.8668471795621419,
      0.9065891067268115,
      0.20998438162666,
      -0.04428358562669991,
      0.32073289998494897,
      0.07459123404758233,
      -0.024249464974010832,
      0.10591744639472817,
      -0.21624294998414545,
      -0.035498328482461365,
      -0.04126435874894703,
      0.2427967736958737,
      0.1844850690778624
    ],
    [
      0.8151425838479218,
      0.18103854876723086,
      0.11254882703487756,
      0.19596232465124455,
      0.05735727758862553,
      1.0,
      0.7791698636098057,
      0.8472040866083589,
      0.17568584706190943,
      0.11995019212433497,
      0.7302810013550622,
      0.7666815061138299,
      0.5752695205057554,
      0.8444259343266559,
      0.7630256695577927,
      0.6448652078128633,
      0.38130013170083643,
      0.7381790245253811,
      0.7426540261388974,
      0.3274529489568263,
      0.46842045550917144
    ],
    [
      0.8166986474297093,
      0.10891533153729975,
      0.17658250867498443,
      0.19339737281808422,
      -0.016854710561936364,
      0.7791698636098057,
      1.0,
      0.954370443981714,
      0.12135411617868266,
      0.05506675522618785,
      0.7460012370608308,
      0.9716647094662002,
      0.36204132803989364,
      0.6909279028765618,
      0.9733423545225378,
      0.7126350887984814,
      0.2593343721609067,
      0.5782802436858282,
      0.9697013512940624,
      0.21635602167942472,
      0.2996794648418019
    ],
    [
      0.8127604595726068,
      0.14662429077785377,
      0.16939037944976973,
      0.1734147442280476,
      0.008970427813021223,
      0.8472040866083589,
      0.954370443981714,
      1.0,
      0.16200141551749436,
      0.09384634528824924,
      0.7743222172479425,
      0.9200271093768179,
      0.5313410458549547,
      0.8367839625736703,
      0.9618657121566595,
      0.7025878229634598,
      0.37399865493490414,
      0.7440164015525563,
      0.905987612969952,
      0.33804167070186575,
      0.4694784693155128
    ],
    [
      0.10743119466953065,
      0.8762248882505298,
      0.06565528159200032,
      0.20107430561673253,
      0.8668471795621419,
      0.17568584706190943,
      0.12135411617868266,
      0.16200141551749436,
      1.0,
      0.8167022668730866,
      0.2785436006745986,
      0.08386465550950868,
      0.3694807100042924,
      0.21090022383493567,
      0.11467773057013764,
      0.1734028333040192,
      0.0068712000457466175,
      0.09539915207620574,
      0.08552766753924156,
      0.27187914572577293,
      0.22398950176949678
    ],
    [
      0.046656114279460904,
      0.9326407118097964,
      -0.10580881555695666,
      0.1005006160939502,
      0.9065891067268115,
      0.11995019212433497,
      0.05506675522618785,
      0.09384634528824924,
      0.8167022668730866,
      1.0,
      0.22317359570241418,
      0.031217975562622083,
      0.35521056933344847,
      0.14056418382077115,
      0.049592576565702776,
      0.12074402108888758,
      -0.12508613687908018,
      0.03330254141641708,
      0.0297671429489816,
      0.2527280770527159,
      0.20214512281686672
    ],
    [
      0.6349185219503084,
      0.31863086049956946,
      0.16434133180981286,
      0.4156658695973542,
      0.20998438162666,
      0.7302810013550622,
      0.7460012370608308,
      0.7743222172479425,
      0.2785436006745986,
      0.22317359570241418,
      1.0,
      0.706411747426519,
      0.5317534968319071,
      0.7372575224321338,
      0.7095115327748611,
      0.8439476710863351,
      0.22496532695529073,
      0.5478667203622181,
      0.7087782732671359,
      0.3499962529021501,
      0.45216617968575307
    ],
    [
      0.7965873412605543,
      0.07738637232775562,
      0.1787597364966482,
      0.18714708900262725,
      -0.04428358562669991,
      0.7666815061138299,
      0.9716647094662002,
      0.9200271093768179,
      0.08386465550950868,
      0.031217975562622083,
      0.706411747426519,
      1.0,
      0.30442622697987376,
      0.6400345770903116,
      0.9538180416686044,
      0.7010352349003379,
      0.25797499055848566,
      0.5332011148380084,
      0.9934905222090993,
      0.17189638696557882,
      0.2352647007344684
    ],
    [
      0.3745507109594607,
      0.406216948810178,
      0.06864861150509531,
      0.1403368851965715,
      0.32073289998494897,
      0.5752695205057554,
      0.36204132803989364,
      0.5313410458549547,
      0.3694807100042924,
      0.35521056933344847,
      0.5317534968319071,
      0.30442622697987376,
      1.0,
      0.7146333476892617,
      0.38619887869519837,
      0.38734512506681634,
      0.3027534914831567,
      0.5800539715363608,
      0.2838024077809482,
      0.599965648721551,
      0.6041207103375206
    ],
    [
      0.621450299219589,
      0.19563696517255258,
      0.15131670690875432,
      0.16453546503834934,
      0.07459123404758233,
      0.8444259343266559,
      0.6909279028765618,
      0.8367839625736703,
      0.21090022383493567,
      0.14056418382077115,
      0.7372575224321338,
      0.6400345770903116,
      0.7146333476892617,
      1.0,
      0.6701511469682441,
      0.5959781065568712,
      0.5177010844243958,
      0.8441035040986995,
      0.6306533962438231,
      0.525498330103183,
      0.6702259703490665
    ],
    [
      0.8261017629301947,
      0.10247504806542969,
      0.15241964212245468,
      0.16335259743653746,
      -0.024249464974010832,
      0.7630256695577927,
      0.9733423545225378,
      0.9618657121566595,
      0.11467773057013764,
      0.049592576565702776,
      0.7095115327748611,
      0.9538180416686044,
      0.38619887869519837,
      0.6701511469682441,
      1.0,
      0.677939431986786,
      0.2514553930006967,
      0.6231008436288874,
      0.9382243507908398,
      0.20928897013335332,
      0.3272891248871571
    ],
    [
      0.5872353153269567,
      0.2098329102564242,
      0.20717592556295444,
      0.40104222806479156,
      0.10591744639472817,
      0.6448652078128633,
      0.7126350887984814,
      0.7025878229634598,
      0.1734028333040192,
      0.12074402108888758,
      0.8439476710863351,
      0.7010352349003379,
      0.38734512506681634,
      0.5959781065568712,
      0.677939431986786,
      1.0,
      0.19852368879036433,
      0.41332188072796994,
      0.701229416156051,
      0.25593785263050595,
      0.30602017967757456
    ],
    [
      0.23950955981215294,
      -0.1388875526651608,
      0.5354847451329248,
      0.02707618507576908,
      -0.21624294998414545,
      0.38130013170083643,
      0.2593343721609067,
      0.37399865493490414,
      0.0068712000457466175,
      -0.12508613687908018,
      0.22496532695529073,
      0.25797499055848566,
      0.3027534914831567,
      0.5177010844243958,
      0.2514553930006967,
      0.19852368879036433,
      1.0,
      0.39765557801725654,
      0.24207531960672915,
      0.2660089889583786,
      0.22918109265790373
    ],
    [
      0.59857556073676,
      0.06845233871683172,
      0.03959529427033575,
      0.027806075042998625,
      -0.035498328482461365,
      0.7381790245253811,
      0.5782802436858282,
      0.7440164015525563,
      0.09539915207620574,
      0.03330254141641708,
      0.5478667203622181,
      0.5332011148380084,
      0.5800539715363608,
      0.8441035040986995,
      0.6231008436288874,
      0.41332188072796994,
      0.39765557801725654,
      1.0,
      0.5036065030144287,
      0.35481568331418994,
      0.5074724096845203
    ],
    [
      0.7702068343843553,
      0.07718636364697858,
      0.17828011688031045,
      0.1927733195077949,
      -0.04126435874894703,
      0.7426540261388974,
      0.9697013512940624,
      0.905987612969952,
      0.08552766753924156,
      0.0297671429489816,
      0.7087782732671359,
      0.9934905222090993,
      0.2838024077809482,
      0.6306533962438231,
      0.9382243507908398,
      0.701229416156051,
      0.24207531960672915,
      0.5036065030144287,
      1.0,
      0.16721325619931565,
      0.22202987952570963
    ],
    [
      0.19067476566984842,
      0.2812118358119454,
      0.104856848307757,
      0.180430341735149,
      0.2427967736958737,
      0.3274529489568263,
      0.21635602167942472,
      0.33804167070186575,
      0.27187914572577293,
      0.2527280770527159,
      0.3499962529021501,
      0.17189638696557882,
      0.599965648721551,
      0.525498330103183,
      0.20928897013335332,
      0.25593785263050595,
      0.2660089889583786,
      0.35481568331418994,
      0.16721325619931565,
      1.0,
      0.37772063290038377
    ],
    [
      0.3135492793038242,
      0.2502754338130743,
      -0.016291596895433157,
      0.10293982902114623,
      0.1844850690778624,
      0.46842045550917144,
      0.2996794648418019,
      0.4694784693155128,
      0.22398950176949678,
      0.20214512281686672,
      0.45216617968575307,
      0.2352647007344684,
      0.6041207103375206,
      0.6702259703490665,
      0.3272891248871571,
      0.30602017967757456,
      0.22918109265790373,
      0.5074724096845203,
      0.22202987952570963,
      0.37772063290038377,
      1.0
    ]
  ],
  "generated_at": "2026-07-14T21:49:29.389581Z",
  "synthetic": false
}