{
  "tickers": [
    "ARKK",
    "BND",
    "DJP",
    "GLD",
    "IEF",
    "IWM",
    "QQQ",
    "SPY",
    "TIP",
    "TLT",
    "VEA",
    "VGT",
    "VNQ",
    "VTV",
    "VUG",
    "VWO",
    "XLE",
    "XLF",
    "XLK",
    "XLU",
    "XLV"
  ],
  "matrix": [
    [
      1.0,
      0.09082926371037053,
      0.14055854907528756,
      0.1755513038815624,
      -0.0176941794167335,
      0.8075257070559982,
      0.8137964725416013,
      0.8119481577616126,
      0.10130452686067576,
      0.03964609483789908,
      0.6287405041607925,
      0.795337117063548,
      0.37865734061935286,
      0.6230167248512997,
      0.8237277787860382,
      0.5819269159583504,
      0.2540173568988456,
      0.6000296777674389,
      0.7678511630150993,
      0.1926936929978848,
      0.32362229339451504
    ],
    [
      0.09082926371037053,
      1.0,
      -0.09000712730723673,
      0.1883640176051331,
      0.9747312786532777,
      0.17877870185880748,
      0.0959254166237186,
      0.14041153761391573,
      0.8763705219190204,
      0.9334754211350693,
      0.3138942660161122,
      0.06612106782209891,
      0.41662115020634466,
      0.19695498349401852,
      0.09301891682347853,
      0.20540287792952874,
      -0.12845920558071053,
      0.06465743326973096,
      0.06372419562352419,
      0.2964018615973835,
      0.2649274009853363
    ],
    [
      0.14055854907528756,
      -0.09000712730723673,
      1.0,
      0.47873958224748625,
      -0.12449537321762216,
      0.11367440548993613,
      0.17878472023924294,
      0.17056437715518252,
      0.07280056461281573,
      -0.09556518914387295,
      0.1717090869151548,
      0.1792019739876769,
      0.07376847402970273,
      0.15484392108107284,
      0.15254737834519452,
      0.21320491847087242,
      0.5292135786082285,
      0.03671061913085359,
      0.17952959253640888,
      0.11432359632378025,
      -0.0073563378131726335
    ],
    [
      0.1755513038815624,
      0.1883640176051331,
      0.47873958224748625,
      1.0,
      0.18253612652656684,
      0.1932175816194901,
      0.1807376793976433,
      0.16665694014209584,
      0.19950525779273007,
      0.09795672679654925,
      0.40782249751861965,
      0.17589897483779637,
      0.14972482503437978,
      0.16573138091306103,
      0.15347258458534896,
      0.3946387144737649,
      0.041832247869600145,
      0.02747441518793253,
      0.17955584224968743,
      0.1885381581477721,
      0.11381309465840991
    ],
    [
      -0.0176941794167335,
      0.9747312786532777,
      -0.12449537321762216,
      0.18253612652656684,
      1.0,
      0.057590595854340544,
      -0.02944573126116449,
      0.003134351390101524,
      0.8670102050983002,
      0.9069777282584616,
      0.20530346584508136,
      -0.055252441297500135,
      0.3319718478875166,
      0.07627526864236996,
      -0.03324602904317222,
      0.10080508096636859,
      -0.20691387888319995,
      -0.038913651932217706,
      -0.05454588106656516,
      0.25657796222325413,
      0.19774618174966518
    ],
    [
      0.8075257070559982,
      0.17877870185880748,
      0.11367440548993613,
      0.1932175816194901,
      0.057590595854340544,
      1.0,
      0.7628589560636195,
      0.8353299482235724,
      0.17507311227526115,
      0.11854352699472162,
      0.7236124994889919,
      0.75553042228468,
      0.5865939257023122,
      0.8437249406726289,
      0.7462872464633926,
      0.6408304684074483,
      0.3977488167400543,
      0.7372228565985283,
      0.7291525817353166,
      0.3298171434550828,
      0.4734906354019194
    ],
    [
      0.8137964725416013,
      0.0959254166237186,
      0.17878472023924294,
      0.1807376793976433,
      -0.02944573126116449,
      0.7628589560636195,
      1.0,
      0.9554096129041496,
      0.11388742155028223,
      0.04645963930372783,
      0.7398032466195513,
      0.9713127139985853,
      0.360890018270904,
      0.6913742053981998,
      0.9738640897731887,
      0.7038038569737527,
      0.2717977209542923,
      0.5776621685083373,
      0.9693552447057721,
      0.2185118887908511,
      0.3141452959387201
    ],
    [
      0.8119481577616126,
      0.14041153761391573,
      0.17056437715518252,
      0.16665694014209584,
      0.003134351390101524,
      0.8353299482235724,
      0.9554096129041496,
      1.0,
      0.15878890693020092,
      0.08998088976028931,
      0.7730949167954737,
      0.9216574524920086,
      0.528460678865223,
      0.83596774504733,
      0.9616252943609801,
      0.6997027913491422,
      0.3828385470333329,
      0.7426359142092769,
      0.9077671500773742,
      0.33740550085799137,
      0.47918384605807757
    ],
    [
      0.10130452686067576,
      0.8763705219190204,
      0.07280056461281573,
      0.19950525779273007,
      0.8670102050983002,
      0.17507311227526115,
      0.11388742155028223,
      0.15878890693020092,
      1.0,
      0.816079708232211,
      0.2760869058833563,
      0.07739031504448478,
      0.3779723337686417,
      0.21226563994625736,
      0.10951433890651299,
      0.16756583090258592,
      0.015310072755524299,
      0.09314062199172386,
      0.07714624262733723,
      0.28013377768368786,
      0.23574987772857867
    ],
    [
      0.03964609483789908,
      0.9334754211350693,
      -0.09556518914387295,
      0.09795672679654925,
      0.9069777282584616,
      0.11854352699472162,
      0.04645963930372783,
      0.08998088976028931,
      0.816079708232211,
      1.0,
      0.22243472974671036,
      0.023864041431036633,
      0.36266593749387344,
      0.1416184140760854,
      0.04346115589898827,
      0.11834727168208546,
      -0.11870075577407975,
      0.02946630028189743,
      0.020978142346136226,
      0.26638544603145364,
      0.21260956768080042
    ],
    [
      0.6287405041607925,
      0.3138942660161122,
      0.1717090869151548,
      0.40782249751861965,
      0.20530346584508136,
      0.7236124994889919,
      0.7398032466195513,
      0.7730949167954737,
      0.2760869058833563,
      0.22243472974671036,
      1.0,
      0.7021979169302756,
      0.5412647055231032,
      0.7427348102869826,
      0.7043952676644607,
      0.8413426983133546,
      0.24242994471883098,
      0.5467770245800716,
      0.7035767979161597,
      0.3641758682185234,
      0.4742102812304668
    ],
    [
      0.795337117063548,
      0.06612106782209891,
      0.1792019739876769,
      0.17589897483779637,
      -0.055252441297500135,
      0.75553042228468,
      0.9713127139985853,
      0.9216574524920086,
      0.07739031504448478,
      0.023864041431036633,
      0.7021979169302756,
      1.0,
      0.3073912711080676,
      0.6433530775536547,
      0.9537015296043859,
      0.6938608652959395,
      0.2701954284204685,
      0.5354374902177726,
      0.9933691256040654,
      0.1756001949061157,
      0.24958294404035752
    ],
    [
      0.37865734061935286,
      0.41662115020634466,
      0.07376847402970273,
      0.14972482503437978,
      0.3319718478875166,
      0.5865939257023122,
      0.360890018270904,
      0.528460678865223,
      0.3779723337686417,
      0.36266593749387344,
      0.5412647055231032,
      0.3073912711080676,
      1.0,
      0.7145040653118447,
      0.3820093131324133,
      0.40097591146244593,
      0.30648137430145556,
      0.5794752829221135,
      0.28550657036121513,
      0.5952655820993387,
      0.6008400844284565
    ],
    [
      0.6230167248512997,
      0.19695498349401852,
      0.15484392108107284,
      0.16573138091306103,
      0.07627526864236996,
      0.8437249406726289,
      0.6913742053981998,
      0.83596774504733,
      0.21226563994625736,
      0.1416184140760854,
      0.7427348102869826,
      0.6433530775536547,
      0.7145040653118447,
      1.0,
      0.6683804883823863,
      0.6018156539422707,
      0.5277963236563512,
      0.8434935604148889,
      0.633527306213787,
      0.523566868150553,
      0.6736396071923576
    ],
    [
      0.8237277787860382,
      0.09301891682347853,
      0.15254737834519452,
      0.15347258458534896,
      -0.03324602904317222,
      0.7462872464633926,
      0.9738640897731887,
      0.9616252943609801,
      0.10951433890651299,
      0.04346115589898827,
      0.7043952676644607,
      0.9537015296043859,
      0.3820093131324133,
      0.6683804883823863,
      1.0,
      0.6705538306452736,
      0.258545512658221,
      0.6212627179730748,
      0.9384632612272391,
      0.20888734093230962,
      0.33883817797277643
    ],
    [
      0.5819269159583504,
      0.20540287792952874,
      0.21320491847087242,
      0.3946387144737649,
      0.10080508096636859,
      0.6408304684074483,
      0.7038038569737527,
      0.6997027913491422,
      0.16756583090258592,
      0.11834727168208546,
      0.8413426983133546,
      0.6938608652959395,
      0.40097591146244593,
      0.6018156539422707,
      0.6705538306452736,
      1.0,
      0.21425924452905146,
      0.4155178099626657,
      0.6930079349266293,
      0.27296159831090966,
      0.32671918468568156
    ],
    [
      0.2540173568988456,
      -0.12845920558071053,
      0.5292135786082285,
      0.041832247869600145,
      -0.20691387888319995,
      0.3977488167400543,
      0.2717977209542923,
      0.3828385470333329,
      0.015310072755524299,
      -0.11870075577407975,
      0.24242994471883098,
      0.2701954284204685,
      0.30648137430145556,
      0.5277963236563512,
      0.258545512658221,
      0.21425924452905146,
      1.0,
      0.4091433152193375,
      0.2554063936860395,
      0.25837996536771923,
      0.2282156899072075
    ],
    [
      0.6000296777674389,
      0.06465743326973096,
      0.03671061913085359,
      0.02747441518793253,
      -0.038913651932217706,
      0.7372228565985283,
      0.5776621685083373,
      0.7426359142092769,
      0.09314062199172386,
      0.02946630028189743,
      0.5467770245800716,
      0.5354374902177726,
      0.5794752829221135,
      0.8434935604148889,
      0.6212627179730748,
      0.4155178099626657,
      0.4091433152193375,
      1.0,
      0.5049302789929947,
      0.3495453748486251,
      0.5118891438366018
    ],
    [
      0.7678511630150993,
      0.06372419562352419,
      0.17952959253640888,
      0.17955584224968743,
      -0.05454588106656516,
      0.7291525817353166,
      0.9693552447057721,
      0.9077671500773742,
      0.07714624262733723,
      0.020978142346136226,
      0.7035767979161597,
      0.9933691256040654,
      0.28550657036121513,
      0.633527306213787,
      0.9384632612272391,
      0.6930079349266293,
      0.2554063936860395,
      0.5049302789929947,
      1.0,
      0.17176542951780704,
      0.2366179477162283
    ],
    [
      0.1926936929978848,
      0.2964018615973835,
      0.11432359632378025,
      0.1885381581477721,
      0.25657796222325413,
      0.3298171434550828,
      0.2185118887908511,
      0.33740550085799137,
      0.28013377768368786,
      0.26638544603145364,
      0.3641758682185234,
      0.1756001949061157,
      0.5952655820993387,
      0.523566868150553,
      0.20888734093230962,
      0.27296159831090966,
      0.25837996536771923,
      0.3495453748486251,
      0.17176542951780704,
      1.0,
      0.377711864407813
    ],
    [
      0.32362229339451504,
      0.2649274009853363,
      -0.0073563378131726335,
      0.11381309465840991,
      0.19774618174966518,
      0.4734906354019194,
      0.3141452959387201,
      0.47918384605807757,
      0.23574987772857867,
      0.21260956768080042,
      0.4742102812304668,
      0.24958294404035752,
      0.6008400844284565,
      0.6736396071923576,
      0.33883817797277643,
      0.32671918468568156,
      0.2282156899072075,
      0.5118891438366018,
      0.2366179477162283,
      0.377711864407813,
      1.0
    ]
  ],
  "generated_at": "2026-07-02T22:00:40.541079Z",
  "synthetic": false
}