{
  "tickers": [
    "ARKK",
    "BND",
    "DJP",
    "GLD",
    "IEF",
    "IWM",
    "QQQ",
    "SPY",
    "TIP",
    "TLT",
    "VEA",
    "VGT",
    "VNQ",
    "VTV",
    "VUG",
    "VWO",
    "XLE",
    "XLF",
    "XLK",
    "XLU",
    "XLV"
  ],
  "matrix": [
    [
      1.0,
      0.09560829017954166,
      0.13675440104703604,
      0.1829117124402194,
      -0.013108043764088402,
      0.8122680835432448,
      0.8207658941505269,
      0.8128998957017272,
      0.10297843252289765,
      0.039295679180170934,
      0.6346850781140367,
      0.8005125775180831,
      0.36248124247159674,
      0.6163670402939624,
      0.8289733018862684,
      0.5872165811037094,
      0.2385181214677764,
      0.5966421881194569,
      0.7760023380491542,
      0.18734307159198055,
      0.29885389543820134
    ],
    [
      0.09560829017954166,
      1.0,
      -0.10487447967687183,
      0.18821139956426863,
      0.9745890366448399,
      0.1751450342250575,
      0.10868624894452093,
      0.14484423351205636,
      0.87497547264682,
      0.932491087770136,
      0.31750614429614843,
      0.07701181298861012,
      0.4022220312553195,
      0.18886277467552545,
      0.10309521242441175,
      0.20672833590685938,
      -0.1428043848507753,
      0.06299218409231166,
      0.07761705558289267,
      0.27940939819229105,
      0.24563687918985652
    ],
    [
      0.13675440104703604,
      -0.10487447967687183,
      1.0,
      0.4655802920481566,
      -0.13634041407495232,
      0.1057417172990356,
      0.17066690074843774,
      0.16254382494137243,
      0.06567694088386153,
      -0.10870231483116087,
      0.15999430662847203,
      0.17394145126820923,
      0.05961685417191882,
      0.1423221029135135,
      0.14666705718866357,
      0.19939072630510077,
      0.5351280421176293,
      0.03203182667092495,
      0.17320552171007922,
      0.09884460762805601,
      -0.02709394184982152
    ],
    [
      0.1829117124402194,
      0.18821139956426863,
      0.4655802920481566,
      1.0,
      0.1816122789815609,
      0.18878175375150386,
      0.19286661197905863,
      0.16986596155467013,
      0.19793754839664598,
      0.09425112065978677,
      0.4151436880715888,
      0.18704269652386588,
      0.13032343955062536,
      0.1556812685094416,
      0.1625072866158323,
      0.3971878085444061,
      0.02405233466745901,
      0.02085961707655567,
      0.19361263832963616,
      0.1768570272403095,
      0.09279416696185322
    ],
    [
      -0.013108043764088402,
      0.9745890366448399,
      -0.13634041407495232,
      0.1816122789815609,
      1.0,
      0.05089149927060558,
      -0.017897658909777188,
      0.006746693198945449,
      0.8657254053508836,
      0.9063681499418936,
      0.20901501114837348,
      -0.045466341112903014,
      0.31674347196559766,
      0.06740331403239,
      -0.02417392786610154,
      0.10269364453298938,
      -0.22014821529550024,
      -0.040807875125775835,
      -0.04184203204983497,
      0.2405009546678408,
      0.17983478304563455
    ],
    [
      0.8122680835432448,
      0.1751450342250575,
      0.1057417172990356,
      0.18878175375150386,
      0.05089149927060558,
      1.0,
      0.7830556528078021,
      0.8493482257247776,
      0.16998364840336955,
      0.1103686681400673,
      0.7306324375557697,
      0.7704589774293263,
      0.5705111229499208,
      0.8434406746515857,
      0.7666082417078545,
      0.6436812989617164,
      0.3840204305961921,
      0.7396776934572273,
      0.7477904494726636,
      0.3251781539585492,
      0.4611787119398473
    ],
    [
      0.8207658941505269,
      0.10868624894452093,
      0.17066690074843774,
      0.19286661197905863,
      -0.017897658909777188,
      0.7830556528078021,
      1.0,
      0.9543104157540373,
      0.11994531173180506,
      0.05344697612983807,
      0.7469026062502424,
      0.9712091315195568,
      0.357174942990906,
      0.6933082915981688,
      0.9724719946090021,
      0.7120447843641428,
      0.26007709616632907,
      0.5823076039638861,
      0.9693875914947621,
      0.21623736325146561,
      0.29650417150344527
    ],
    [
      0.8128998957017272,
      0.14484423351205636,
      0.16254382494137243,
      0.16986596155467013,
      0.006746693198945449,
      0.8493482257247776,
      0.9543104157540373,
      1.0,
      0.15883728592084745,
      0.09038510622561276,
      0.7734917546304848,
      0.9195356554372706,
      0.5270512637591734,
      0.8369879420499358,
      0.962112203674212,
      0.7012175904663036,
      0.37375194947698276,
      0.7465438200138554,
      0.9056994110000345,
      0.33670247893263716,
      0.4662381930185126
    ],
    [
      0.10297843252289765,
      0.87497547264682,
      0.06567694088386153,
      0.19793754839664598,
      0.8657254053508836,
      0.16998364840336955,
      0.11994531173180506,
      0.15883728592084745,
      1.0,
      0.8158819277794165,
      0.27710248640967167,
      0.08326513037173999,
      0.36463703175442985,
      0.20401639961230006,
      0.11344207925012027,
      0.1677468466373568,
      0.004660834004400754,
      0.08891762063627354,
      0.08596659865528261,
      0.26974706843762464,
      0.2179589766143096
    ],
    [
      0.039295679180170934,
      0.932491087770136,
      -0.10870231483116087,
      0.09425112065978677,
      0.9063681499418936,
      0.1103686681400673,
      0.05344697612983807,
      0.09038510622561276,
      0.8158819277794165,
      1.0,
      0.22122987236351624,
      0.029764229462573625,
      0.35117216025669207,
      0.13257479551510548,
      0.048368806265016384,
      0.11543590018475484,
      -0.12819375293739296,
      0.026627154680755754,
      0.029651756512892556,
      0.2509954208450926,
      0.19615727897872423
    ],
    [
      0.6346850781140367,
      0.31750614429614843,
      0.15999430662847203,
      0.4151436880715888,
      0.20901501114837348,
      0.7306324375557697,
      0.7469026062502424,
      0.7734917546304848,
      0.27710248640967167,
      0.22122987236351624,
      1.0,
      0.7072015918734531,
      0.5233247126851742,
      0.7343709786876119,
      0.709963451193202,
      0.842708782511179,
      0.22290600222872012,
      0.5463465850478482,
      0.7103595307446109,
      0.3476127171749199,
      0.4447901230537836
    ],
    [
      0.8005125775180831,
      0.07701181298861012,
      0.17394145126820923,
      0.18704269652386588,
      -0.045466341112903014,
      0.7704589774293263,
      0.9712091315195568,
      0.9195356554372706,
      0.08326513037173999,
      0.029764229462573625,
      0.7072015918734531,
      1.0,
      0.29957092888270137,
      0.6422593439879094,
      0.952347013974699,
      0.6992805296956592,
      0.2599510494341277,
      0.5365629780848408,
      0.9935514186650732,
      0.1712688156266087,
      0.23175336340646732
    ],
    [
      0.36248124247159674,
      0.4022220312553195,
      0.05961685417191882,
      0.13032343955062536,
      0.31674347196559766,
      0.5705111229499208,
      0.357174942990906,
      0.5270512637591734,
      0.36463703175442985,
      0.35117216025669207,
      0.5233247126851742,
      0.29957092888270137,
      1.0,
      0.7118761808789915,
      0.3819786203888561,
      0.38022260901057553,
      0.3034161516318651,
      0.5761498153754876,
      0.27911761216978775,
      0.5972660985547492,
      0.6062240399306265
    ],
    [
      0.6163670402939624,
      0.18886277467552545,
      0.1423221029135135,
      0.1556812685094416,
      0.06740331403239,
      0.8434406746515857,
      0.6933082915981688,
      0.8369879420499358,
      0.20401639961230006,
      0.13257479551510548,
      0.7343709786876119,
      0.6422593439879094,
      0.7118761808789915,
      1.0,
      0.6712187261210554,
      0.5924824179728635,
      0.5178065756143332,
      0.84201490209055,
      0.6344477743441971,
      0.5270016791703365,
      0.6692865300064796
    ],
    [
      0.8289733018862684,
      0.10309521242441175,
      0.14666705718866357,
      0.1625072866158323,
      -0.02417392786610154,
      0.7666082417078545,
      0.9724719946090021,
      0.962112203674212,
      0.11344207925012027,
      0.048368806265016384,
      0.709963451193202,
      0.952347013974699,
      0.3819786203888561,
      0.6712187261210554,
      1.0,
      0.6778997232086218,
      0.2516242932196364,
      0.6281098043319132,
      0.9363268361067927,
      0.20723200207449635,
      0.32357977207087685
    ],
    [
      0.5872165811037094,
      0.20672833590685938,
      0.19939072630510077,
      0.3971878085444061,
      0.10269364453298938,
      0.6436812989617164,
      0.7120447843641428,
      0.7012175904663036,
      0.1677468466373568,
      0.11543590018475484,
      0.842708782511179,
      0.6992805296956592,
      0.38022260901057553,
      0.5924824179728635,
      0.6778997232086218,
      1.0,
      0.1951944804851257,
      0.4135592406394308,
      0.6997407670620017,
      0.25386793518115963,
      0.29952368418822184
    ],
    [
      0.2385181214677764,
      -0.1428043848507753,
      0.5351280421176293,
      0.02405233466745901,
      -0.22014821529550024,
      0.3840204305961921,
      0.26007709616632907,
      0.37375194947698276,
      0.004660834004400754,
      -0.12819375293739296,
      0.22290600222872012,
      0.2599510494341277,
      0.3034161516318651,
      0.5178065756143332,
      0.2516242932196364,
      0.1951944804851257,
      1.0,
      0.39466642409593383,
      0.24435549491678304,
      0.26664491166993837,
      0.2311869344757744
    ],
    [
      0.5966421881194569,
      0.06299218409231166,
      0.03203182667092495,
      0.02085961707655567,
      -0.040807875125775835,
      0.7396776934572273,
      0.5823076039638861,
      0.7465438200138554,
      0.08891762063627354,
      0.026627154680755754,
      0.5463465850478482,
      0.5365629780848408,
      0.5761498153754876,
      0.84201490209055,
      0.6281098043319132,
      0.4135592406394308,
      0.39466642409593383,
      1.0,
      0.5074772774512364,
      0.35373335520116084,
      0.5043316975073528
    ],
    [
      0.7760023380491542,
      0.07761705558289267,
      0.17320552171007922,
      0.19361263832963616,
      -0.04184203204983497,
      0.7477904494726636,
      0.9693875914947621,
      0.9056994110000345,
      0.08596659865528261,
      0.029651756512892556,
      0.7103595307446109,
      0.9935514186650732,
      0.27911761216978775,
      0.6344477743441971,
      0.9363268361067927,
      0.6997407670620017,
      0.24435549491678304,
      0.5074772774512364,
      1.0,
      0.16752349743745176,
      0.2202782346004309
    ],
    [
      0.18734307159198055,
      0.27940939819229105,
      0.09884460762805601,
      0.1768570272403095,
      0.2405009546678408,
      0.3251781539585492,
      0.21623736325146561,
      0.33670247893263716,
      0.26974706843762464,
      0.2509954208450926,
      0.3476127171749199,
      0.1712688156266087,
      0.5972660985547492,
      0.5270016791703365,
      0.20723200207449635,
      0.25386793518115963,
      0.26664491166993837,
      0.35373335520116084,
      0.16752349743745176,
      1.0,
      0.3784913179229264
    ],
    [
      0.29885389543820134,
      0.24563687918985652,
      -0.02709394184982152,
      0.09279416696185322,
      0.17983478304563455,
      0.4611787119398473,
      0.29650417150344527,
      0.4662381930185126,
      0.2179589766143096,
      0.19615727897872423,
      0.4447901230537836,
      0.23175336340646732,
      0.6062240399306265,
      0.6692865300064796,
      0.32357977207087685,
      0.29952368418822184,
      0.2311869344757744,
      0.5043316975073528,
      0.2202782346004309,
      0.3784913179229264,
      1.0
    ]
  ],
  "generated_at": "2026-07-20T21:55:42.482755Z",
  "synthetic": false
}