{
  "tickers": [
    "ARKK",
    "BND",
    "DJP",
    "GLD",
    "IEF",
    "IWM",
    "QQQ",
    "SPY",
    "TIP",
    "TLT",
    "VEA",
    "VGT",
    "VNQ",
    "VTV",
    "VUG",
    "VWO",
    "XLE",
    "XLF",
    "XLK",
    "XLU",
    "XLV"
  ],
  "matrix": [
    [
      1.0,
      0.09567637749534104,
      0.14063716806255222,
      0.17925368630880237,
      -0.012418873490852356,
      0.8088380437037405,
      0.8150773720680401,
      0.8131192092691376,
      0.10664950751402344,
      0.04327811330765271,
      0.6328664028950696,
      0.7958795177869847,
      0.3738330015181718,
      0.6232044168788186,
      0.8248233079358617,
      0.5843906361076222,
      0.24570300345301901,
      0.6008386809077811,
      0.7686628044012899,
      0.1880104062213464,
      0.31677708166465207
    ],
    [
      0.09567637749534104,
      1.0,
      -0.09701321887242657,
      0.19192461186456403,
      0.974970497882714,
      0.18423309816254668,
      0.09732980565691157,
      0.14067537499299373,
      0.870447363431301,
      0.9329549857813385,
      0.31597235274499597,
      0.06506988580103955,
      0.4163519069442457,
      0.1995664062140835,
      0.09176971718601841,
      0.20768387925718557,
      -0.13602579114304003,
      0.06983122832652305,
      0.06402029649156174,
      0.29966881768299036,
      0.26085315180182755
    ],
    [
      0.14063716806255222,
      -0.09701321887242657,
      1.0,
      0.47327570100561345,
      -0.13028192150566933,
      0.11201910317131417,
      0.17908282804241077,
      0.1709290420836639,
      0.060042612838484465,
      -0.09992410491620268,
      0.17106377690254476,
      0.18100464009168807,
      0.06746958129617173,
      0.152136080716347,
      0.15391577542111032,
      0.21655180307212255,
      0.5289828838270163,
      0.03508495790135445,
      0.1812946419558947,
      0.10945299740969364,
      -0.013373528702236879
    ],
    [
      0.17925368630880237,
      0.19192461186456403,
      0.47327570100561345,
      1.0,
      0.18579367986732773,
      0.19779156903246442,
      0.18381538320040275,
      0.16869229661094035,
      0.20548445078725358,
      0.10058155103810305,
      0.4102831184458257,
      0.1790155442139848,
      0.14821985179335445,
      0.16776205083731224,
      0.1550188551710131,
      0.39738042438259147,
      0.03626628877239088,
      0.031416070169037025,
      0.18329788162878574,
      0.18520772519289783,
      0.10892970594356954
    ],
    [
      -0.012418873490852356,
      0.974970497882714,
      -0.13028192150566933,
      0.18579367986732773,
      1.0,
      0.06276545125058024,
      -0.026956325575658927,
      0.0039087171111321425,
      0.8619061014104261,
      0.906568903929861,
      0.2079443625034813,
      -0.0547191995240261,
      0.33075372052270635,
      0.07864374818646122,
      -0.03355394952359574,
      0.10481346006114439,
      -0.21336620144090473,
      -0.03344943137071925,
      -0.05258160131075006,
      0.2583318392124559,
      0.1932632336566995
    ],
    [
      0.8088380437037405,
      0.18423309816254668,
      0.11201910317131417,
      0.19779156903246442,
      0.06276545125058024,
      1.0,
      0.7634954127003403,
      0.836261497653549,
      0.17884747644598067,
      0.12120430753041722,
      0.7246073892438751,
      0.7543935118863166,
      0.5834309056807974,
      0.8434601896853542,
      0.7476856583997171,
      0.63999356359339,
      0.3881696106933199,
      0.7386254438593204,
      0.7278996513101934,
      0.32651724335439575,
      0.4702630723557767
    ],
    [
      0.8150773720680401,
      0.09732980565691157,
      0.17908282804241077,
      0.18381538320040275,
      -0.026956325575658927,
      0.7634954127003403,
      1.0,
      0.9544456734307187,
      0.10985084445508819,
      0.047835703486168626,
      0.7408509025332056,
      0.9714595006297329,
      0.3523803784307712,
      0.6885594524462536,
      0.9734960528216514,
      0.7062470065609405,
      0.26345745935005127,
      0.5768179503792694,
      0.9696870422452838,
      0.21033014786910215,
      0.3029130597653219
    ],
    [
      0.8131192092691376,
      0.14067537499299373,
      0.1709290420836639,
      0.16869229661094035,
      0.0039087171111321425,
      0.836261497653549,
      0.9544456734307187,
      1.0,
      0.15434913530949515,
      0.08973806123792254,
      0.772836650885123,
      0.920428939835167,
      0.5237505340015922,
      0.8351706317567713,
      0.9616213220594757,
      0.6993776458920496,
      0.37710480429235765,
      0.7427711160106544,
      0.9062765144286768,
      0.33233054622979336,
      0.4725046913669077
    ],
    [
      0.10664950751402344,
      0.870447363431301,
      0.060042612838484465,
      0.20548445078725358,
      0.8619061014104261,
      0.17884747644598067,
      0.10985084445508819,
      0.15434913530949515,
      1.0,
      0.8047484962982843,
      0.27209737813030155,
      0.0647124957923522,
      0.3816119465415163,
      0.2120974492583597,
      0.10259714270366473,
      0.16328907364854472,
      0.0006555220536332829,
      0.09788434501703472,
      0.0662797289502521,
      0.2975904317078034,
      0.23426203520477581
    ],
    [
      0.04327811330765271,
      0.9329549857813385,
      -0.09992410491620268,
      0.10058155103810305,
      0.906568903929861,
      0.12120430753041722,
      0.047835703486168626,
      0.08973806123792254,
      0.8047484962982843,
      1.0,
      0.223931938546833,
      0.0240250043666994,
      0.3595841238829668,
      0.14215680175516457,
      0.04284084621662302,
      0.12196422950160134,
      -0.12421757114324375,
      0.03236171960159283,
      0.02219870557999158,
      0.2663799799698787,
      0.20794804878020506
    ],
    [
      0.6328664028950696,
      0.31597235274499597,
      0.17106377690254476,
      0.4102831184458257,
      0.2079443625034813,
      0.7246073892438751,
      0.7408509025332056,
      0.772836650885123,
      0.27209737813030155,
      0.223931938546833,
      1.0,
      0.7023715517325003,
      0.5327053278931462,
      0.7403273527350062,
      0.7049761452832936,
      0.8433703586758833,
      0.23144051219999515,
      0.5485828170557361,
      0.7041255251956766,
      0.3558069417925622,
      0.4626236335582751
    ],
    [
      0.7958795177869847,
      0.06506988580103955,
      0.18100464009168807,
      0.1790155442139848,
      -0.0547191995240261,
      0.7543935118863166,
      0.9714595006297329,
      0.920428939835167,
      0.0647124957923522,
      0.0240250043666994,
      0.7023715517325003,
      1.0,
      0.2980470511571598,
      0.6391556232137687,
      0.9537475948993676,
      0.6959353133241201,
      0.26272186032315187,
      0.5330073529610965,
      0.9933754814682154,
      0.1674035936387443,
      0.23890927189879088
    ],
    [
      0.3738330015181718,
      0.4163519069442457,
      0.06746958129617173,
      0.14821985179335445,
      0.33075372052270635,
      0.5834309056807974,
      0.3523803784307712,
      0.5237505340015922,
      0.3816119465415163,
      0.3595841238829668,
      0.5327053278931462,
      0.2980470511571598,
      1.0,
      0.7137225033516119,
      0.37587889063721486,
      0.38921553062274705,
      0.30429473582528477,
      0.5792223599552357,
      0.2755936860801609,
      0.5963811922973142,
      0.6042647442341682
    ],
    [
      0.6232044168788186,
      0.1995664062140835,
      0.152136080716347,
      0.16776205083731224,
      0.07864374818646122,
      0.8434601896853542,
      0.6885594524462536,
      0.8351706317567713,
      0.2120974492583597,
      0.14215680175516457,
      0.7403273527350062,
      0.6391556232137687,
      0.7137225033516119,
      1.0,
      0.6672282729275648,
      0.5973722358878736,
      0.5207081822197563,
      0.8442128411573526,
      0.6288052300019156,
      0.5218557622256305,
      0.672167709801184
    ],
    [
      0.8248233079358617,
      0.09176971718601841,
      0.15391577542111032,
      0.1550188551710131,
      -0.03355394952359574,
      0.7476856583997171,
      0.9734960528216514,
      0.9616213220594757,
      0.10259714270366473,
      0.04284084621662302,
      0.7049761452832936,
      0.9537475948993676,
      0.37587889063721486,
      0.6672282729275648,
      1.0,
      0.6720030868985961,
      0.25414315897708,
      0.6207868729905288,
      0.938443877851005,
      0.20277243961578156,
      0.3301382058159855
    ],
    [
      0.5843906361076222,
      0.20768387925718557,
      0.21655180307212255,
      0.39738042438259147,
      0.10481346006114439,
      0.63999356359339,
      0.7062470065609405,
      0.6993776458920496,
      0.16328907364854472,
      0.12196422950160134,
      0.8433703586758833,
      0.6959353133241201,
      0.38921553062274705,
      0.5973722358878736,
      0.6720030868985961,
      1.0,
      0.20477299646023508,
      0.41334530246481666,
      0.6953959014081238,
      0.26314261522448246,
      0.3131521819156377
    ],
    [
      0.24570300345301901,
      -0.13602579114304003,
      0.5289828838270163,
      0.03626628877239088,
      -0.21336620144090473,
      0.3881696106933199,
      0.26345745935005127,
      0.37710480429235765,
      0.0006555220536332829,
      -0.12421757114324375,
      0.23144051219999515,
      0.26272186032315187,
      0.30429473582528477,
      0.5207081822197563,
      0.25414315897708,
      0.20477299646023508,
      1.0,
      0.399194544211169,
      0.246513851815996,
      0.259308154231931,
      0.23093174628290333
    ],
    [
      0.6008386809077811,
      0.06983122832652305,
      0.03508495790135445,
      0.031416070169037025,
      -0.03344943137071925,
      0.7386254438593204,
      0.5768179503792694,
      0.7427711160106544,
      0.09788434501703472,
      0.03236171960159283,
      0.5485828170557361,
      0.5330073529610965,
      0.5792223599552357,
      0.8442128411573526,
      0.6207868729905288,
      0.41334530246481666,
      0.399194544211169,
      1.0,
      0.5025283915813287,
      0.34668404377287865,
      0.5091576132982264
    ],
    [
      0.7686628044012899,
      0.06402029649156174,
      0.1812946419558947,
      0.18329788162878574,
      -0.05258160131075006,
      0.7278996513101934,
      0.9696870422452838,
      0.9062765144286768,
      0.0662797289502521,
      0.02219870557999158,
      0.7041255251956766,
      0.9933754814682154,
      0.2755936860801609,
      0.6288052300019156,
      0.938443877851005,
      0.6953959014081238,
      0.246513851815996,
      0.5025283915813287,
      1.0,
      0.16278082690045687,
      0.22509896033886048
    ],
    [
      0.1880104062213464,
      0.29966881768299036,
      0.10945299740969364,
      0.18520772519289783,
      0.2583318392124559,
      0.32651724335439575,
      0.21033014786910215,
      0.33233054622979336,
      0.2975904317078034,
      0.2663799799698787,
      0.3558069417925622,
      0.1674035936387443,
      0.5963811922973142,
      0.5218557622256305,
      0.20277243961578156,
      0.26314261522448246,
      0.259308154231931,
      0.34668404377287865,
      0.16278082690045687,
      1.0,
      0.38072536591921713
    ],
    [
      0.31677708166465207,
      0.26085315180182755,
      -0.013373528702236879,
      0.10892970594356954,
      0.1932632336566995,
      0.4702630723557767,
      0.3029130597653219,
      0.4725046913669077,
      0.23426203520477581,
      0.20794804878020506,
      0.4626236335582751,
      0.23890927189879088,
      0.6042647442341682,
      0.672167709801184,
      0.3301382058159855,
      0.3131521819156377,
      0.23093174628290333,
      0.5091576132982264,
      0.22509896033886048,
      0.38072536591921713,
      1.0
    ]
  ],
  "generated_at": "2026-07-09T22:15:12.366239Z",
  "synthetic": false
}