{
  "tickers": [
    "ARKK",
    "BND",
    "DJP",
    "GLD",
    "IEF",
    "IWM",
    "QQQ",
    "SPY",
    "TIP",
    "TLT",
    "VEA",
    "VGT",
    "VNQ",
    "VTV",
    "VUG",
    "VWO",
    "XLE",
    "XLF",
    "XLK",
    "XLU",
    "XLV"
  ],
  "matrix": [
    [
      1.0,
      0.09191786827764235,
      0.14667346246784646,
      0.1800208837406912,
      -0.016307216222195508,
      0.8087570808392935,
      0.8200937339237472,
      0.8138654469375323,
      0.10149662402701083,
      0.0410566460414843,
      0.634528185955961,
      0.8017303326005126,
      0.37968867961733477,
      0.6267711639868238,
      0.8246608872679136,
      0.5836404596786475,
      0.2572571390399598,
      0.6013773208108453,
      0.7762826870457052,
      0.19772686863958014,
      0.32542880974997335
    ],
    [
      0.09191786827764235,
      1.0,
      -0.07816712970411976,
      0.19905249541937053,
      0.9753256335343984,
      0.17999817896440953,
      0.10292343868890037,
      0.14501614472554195,
      0.8775845006333999,
      0.9345042925275057,
      0.317763556164214,
      0.07244120181378379,
      0.4113735919980835,
      0.19614435786660572,
      0.09954299232215455,
      0.21214929895492282,
      -0.12383893842519729,
      0.06725477040650536,
      0.0713430850950308,
      0.2967169250859305,
      0.2585348527546236
    ],
    [
      0.14667346246784646,
      -0.07816712970411976,
      1.0,
      0.4774009729161074,
      -0.11205256412476884,
      0.11317543258763905,
      0.1758760045074229,
      0.17150174893865222,
      0.08248330016506743,
      -0.08219648652981874,
      0.16924490424990052,
      0.17613394048936695,
      0.08009470880193915,
      0.15218170767918254,
      0.15536331342548482,
      0.2147776420484548,
      0.5264797844476242,
      0.041344708102004836,
      0.17477052042071134,
      0.12287883984735477,
      -0.003131083282025253
    ],
    [
      0.1800208837406912,
      0.19905249541937053,
      0.4774009729161074,
      1.0,
      0.19364669316153074,
      0.19704985657216217,
      0.19060613180917463,
      0.17268050794791237,
      0.2092150115027599,
      0.11098238496468747,
      0.4146702415842161,
      0.18499217741352408,
      0.14618013067627947,
      0.16519621780137586,
      0.16035459519431083,
      0.40117588061980625,
      0.036487352423902775,
      0.023021646413650045,
      0.19043455554271102,
      0.1899939020632587,
      0.10640718265948472
    ],
    [
      -0.016307216222195508,
      0.9753256335343984,
      -0.11205256412476884,
      0.19364669316153074,
      1.0,
      0.06014798727238922,
      -0.021380546770238425,
      0.009331745123485778,
      0.8682210405053363,
      0.9085439533269285,
      0.21039638074340467,
      -0.04805166363593945,
      0.32718910232322473,
      0.07717377976657876,
      -0.025778607889991517,
      0.10883933309788588,
      -0.20124715477227512,
      -0.03512777700612204,
      -0.04614548551415219,
      0.25542268103289617,
      0.1886263433159087
    ],
    [
      0.8087570808392935,
      0.17999817896440953,
      0.11317543258763905,
      0.19704985657216217,
      0.06014798727238922,
      1.0,
      0.7655156916829733,
      0.8371816521797729,
      0.177299612254377,
      0.1199327055884501,
      0.7244516945411106,
      0.757520648375735,
      0.5935831081900705,
      0.8463566548251265,
      0.7477919556059909,
      0.6410741117941698,
      0.39946481498748376,
      0.7439497812001088,
      0.7318938383221686,
      0.3340220754693335,
      0.4845753994073509
    ],
    [
      0.8200937339237472,
      0.10292343868890037,
      0.1758760045074229,
      0.19060613180917463,
      -0.021380546770238425,
      0.7655156916829733,
      1.0,
      0.957512714832761,
      0.12059169764112342,
      0.052508576507751537,
      0.7415770600075963,
      0.9710905288649005,
      0.37471361190909713,
      0.6953401522999996,
      0.9774679324951021,
      0.7022286038960102,
      0.2751956750273452,
      0.5918996347971045,
      0.9689667827807108,
      0.23087490678017203,
      0.33621918927848454
    ],
    [
      0.8138654469375323,
      0.14501614472554195,
      0.17150174893865222,
      0.17268050794791237,
      0.009331745123485778,
      0.8371816521797729,
      0.957512714832761,
      1.0,
      0.16304209800369007,
      0.09471978275824716,
      0.7744438542081183,
      0.9235622374099078,
      0.5369100732080548,
      0.8385695446282329,
      0.9621461664494304,
      0.6982394709127349,
      0.385628979840651,
      0.7486009097712881,
      0.9109288218072458,
      0.3465016654208853,
      0.4952829731548829
    ],
    [
      0.10149662402701083,
      0.8775845006333999,
      0.08248330016506743,
      0.2092150115027599,
      0.8682210405053363,
      0.177299612254377,
      0.12059169764112342,
      0.16304209800369007,
      1.0,
      0.8176182626252373,
      0.27934405535131757,
      0.08444253406068358,
      0.37293270319715954,
      0.2098627901600949,
      0.11622245022168169,
      0.17411564105345176,
      0.017538495159915814,
      0.09517162177333721,
      0.08532864636331086,
      0.27632686076461893,
      0.22515693304971682
    ],
    [
      0.0410566460414843,
      0.9345042925275057,
      -0.08219648652981874,
      0.11098238496468747,
      0.9085439533269285,
      0.1199327055884501,
      0.052508576507751537,
      0.09471978275824716,
      0.8176182626252373,
      1.0,
      0.22552520848821936,
      0.028553710527999536,
      0.35750537326411397,
      0.14123780345555503,
      0.05024976649640265,
      0.1241656241822111,
      -0.11340491511560646,
      0.033801336290568584,
      0.026693150337952824,
      0.2679393393599316,
      0.2090953488970802
    ],
    [
      0.634528185955961,
      0.317763556164214,
      0.16924490424990052,
      0.4146702415842161,
      0.21039638074340467,
      0.7244516945411106,
      0.7415770600075963,
      0.7744438542081183,
      0.27934405535131757,
      0.22552520848821936,
      1.0,
      0.704732928931419,
      0.5482264632549873,
      0.7406122367100901,
      0.7089749231439927,
      0.8443900945371903,
      0.24245618378260828,
      0.5552320104833282,
      0.7064188850387325,
      0.3651246041650363,
      0.48474539448554155
    ],
    [
      0.8017303326005126,
      0.07244120181378379,
      0.17613394048936695,
      0.18499217741352408,
      -0.04805166363593945,
      0.757520648375735,
      0.9710905288649005,
      0.9235622374099078,
      0.08444253406068358,
      0.028553710527999536,
      0.704732928931419,
      1.0,
      0.3207970617200067,
      0.6482661219499813,
      0.9563148758558077,
      0.6920495976853877,
      0.2743146994330935,
      0.5486776127120809,
      0.993507749395357,
      0.18720712801444253,
      0.27160294605870994
    ],
    [
      0.37968867961733477,
      0.4113735919980835,
      0.08009470880193915,
      0.14618013067627947,
      0.32718910232322473,
      0.5935831081900705,
      0.37471361190909713,
      0.5369100732080548,
      0.37293270319715954,
      0.35750537326411397,
      0.5482264632549873,
      0.3207970617200067,
      1.0,
      0.7203141879856985,
      0.3886292933757625,
      0.4090933598568681,
      0.3058335519418438,
      0.580906252808327,
      0.30080110110495284,
      0.5919802875253737,
      0.5957514903862146
    ],
    [
      0.6267711639868238,
      0.19614435786660572,
      0.15218170767918254,
      0.16519621780137586,
      0.07717377976657876,
      0.8463566548251265,
      0.6953401522999996,
      0.8385695446282329,
      0.2098627901600949,
      0.14123780345555503,
      0.7406122367100901,
      0.6482661219499813,
      0.7203141879856985,
      1.0,
      0.6729021195765252,
      0.6056183468576231,
      0.5262715511219265,
      0.8516569967378247,
      0.6387065026078118,
      0.5241065105613191,
      0.6835326713482512
    ],
    [
      0.8246608872679136,
      0.09954299232215455,
      0.15536331342548482,
      0.16035459519431083,
      -0.025778607889991517,
      0.7477919556059909,
      0.9774679324951021,
      0.9621461664494304,
      0.11622245022168169,
      0.05024976649640265,
      0.7089749231439927,
      0.9563148758558077,
      0.3886292933757625,
      0.6729021195765252,
      1.0,
      0.6677486090498872,
      0.26312214800577355,
      0.6250761954130554,
      0.9431238122925594,
      0.21998569010918195,
      0.35337987602962445
    ],
    [
      0.5836404596786475,
      0.21214929895492282,
      0.2147776420484548,
      0.40117588061980625,
      0.10883933309788588,
      0.6410741117941698,
      0.7022286038960102,
      0.6982394709127349,
      0.17411564105345176,
      0.1241656241822111,
      0.8443900945371903,
      0.6920495976853877,
      0.4090933598568681,
      0.6056183468576231,
      0.6677486090498872,
      1.0,
      0.215708076615297,
      0.4212055156508129,
      0.6921749569088198,
      0.28152273195484057,
      0.33999947164579014
    ],
    [
      0.2572571390399598,
      -0.12383893842519729,
      0.5264797844476242,
      0.036487352423902775,
      -0.20124715477227512,
      0.39946481498748376,
      0.2751956750273452,
      0.385628979840651,
      0.017538495159915814,
      -0.11340491511560646,
      0.24245618378260828,
      0.2743146994330935,
      0.3058335519418438,
      0.5262715511219265,
      0.26312214800577355,
      0.215708076615297,
      1.0,
      0.4120936622442583,
      0.25996030104812207,
      0.2572983383159889,
      0.23155503369291683
    ],
    [
      0.6013773208108453,
      0.06725477040650536,
      0.041344708102004836,
      0.023021646413650045,
      -0.03512777700612204,
      0.7439497812001088,
      0.5918996347971045,
      0.7486009097712881,
      0.09517162177333721,
      0.033801336290568584,
      0.5552320104833282,
      0.5486776127120809,
      0.580906252808327,
      0.8516569967378247,
      0.6250761954130554,
      0.4212055156508129,
      0.4120936622442583,
      1.0,
      0.521223979318726,
      0.3549139621332578,
      0.5158567509711938
    ],
    [
      0.7762826870457052,
      0.0713430850950308,
      0.17477052042071134,
      0.19043455554271102,
      -0.04614548551415219,
      0.7318938383221686,
      0.9689667827807108,
      0.9109288218072458,
      0.08532864636331086,
      0.026693150337952824,
      0.7064188850387325,
      0.993507749395357,
      0.30080110110495284,
      0.6387065026078118,
      0.9431238122925594,
      0.6921749569088198,
      0.25996030104812207,
      0.521223979318726,
      1.0,
      0.1840499067281329,
      0.26167242954794956
    ],
    [
      0.19772686863958014,
      0.2967169250859305,
      0.12287883984735477,
      0.1899939020632587,
      0.25542268103289617,
      0.3340220754693335,
      0.23087490678017203,
      0.3465016654208853,
      0.27632686076461893,
      0.2679393393599316,
      0.3651246041650363,
      0.18720712801444253,
      0.5919802875253737,
      0.5241065105613191,
      0.21998569010918195,
      0.28152273195484057,
      0.2572983383159889,
      0.3549139621332578,
      0.1840499067281329,
      1.0,
      0.3675024540070831
    ],
    [
      0.32542880974997335,
      0.2585348527546236,
      -0.003131083282025253,
      0.10640718265948472,
      0.1886263433159087,
      0.4845753994073509,
      0.33621918927848454,
      0.4952829731548829,
      0.22515693304971682,
      0.2090953488970802,
      0.48474539448554155,
      0.27160294605870994,
      0.5957514903862146,
      0.6835326713482512,
      0.35337987602962445,
      0.33999947164579014,
      0.23155503369291683,
      0.5158567509711938,
      0.26167242954794956,
      0.3675024540070831,
      1.0
    ]
  ],
  "generated_at": "2026-06-23T22:10:59.902503Z",
  "synthetic": false
}