{
  "tickers": [
    "ARKK",
    "BND",
    "DJP",
    "GLD",
    "IEF",
    "IWM",
    "QQQ",
    "SPY",
    "TIP",
    "TLT",
    "VEA",
    "VGT",
    "VNQ",
    "VTV",
    "VUG",
    "VWO",
    "XLE",
    "XLF",
    "XLK",
    "XLU",
    "XLV"
  ],
  "matrix": [
    [
      1.0,
      0.09236251510583313,
      0.14587455591971232,
      0.17949830023424587,
      -0.015912629417235414,
      0.8085933622679252,
      0.8200536262841219,
      0.8138853878007872,
      0.10153723825609384,
      0.041564838841685936,
      0.6340015961011436,
      0.8019878117628552,
      0.3804831264581558,
      0.625927825974871,
      0.8250902205684261,
      0.5837142913615209,
      0.2570782459797343,
      0.6021210113975554,
      0.7767147906194956,
      0.1976794420287724,
      0.3242548046711677
    ],
    [
      0.09236251510583313,
      1.0,
      -0.08420443711827522,
      0.1897336683982972,
      0.9752528515755468,
      0.18025121063847915,
      0.10213939815375801,
      0.14490236034389015,
      0.8777379607132029,
      0.9343546986545956,
      0.3158865347584248,
      0.07107121037558425,
      0.4113355534905351,
      0.19531161236012395,
      0.09922351726599414,
      0.20913046596192153,
      -0.1295081244120486,
      0.06424477020963439,
      0.06955114647488926,
      0.2986069266111615,
      0.259629208457621
    ],
    [
      0.14587455591971232,
      -0.08420443711827522,
      1.0,
      0.48166211740907744,
      -0.11883861743933744,
      0.11216263684993254,
      0.1803349294701411,
      0.1722230802754339,
      0.07850881008814789,
      -0.08992511880418348,
      0.17125147847915206,
      0.17975392105342944,
      0.07680493955876969,
      0.15315465695303043,
      0.15613711933887864,
      0.21403223509916072,
      0.5297151318319308,
      0.03828788805001521,
      0.17971476763089403,
      0.11749899976240519,
      -0.002339521204939636
    ],
    [
      0.17949830023424587,
      0.1897336683982972,
      0.48166211740907744,
      1.0,
      0.18310941129195718,
      0.19497226285380684,
      0.19277111279602352,
      0.17282833405875045,
      0.20134726952980841,
      0.10033587648990049,
      0.4126420783947909,
      0.18719462003276915,
      0.14457766528495591,
      0.1645374133408733,
      0.16124505742815143,
      0.401045738618691,
      0.04106310718782358,
      0.02224073386519118,
      0.19274053465613958,
      0.18418484072051478,
      0.10331486820062773
    ],
    [
      -0.015912629417235414,
      0.9752528515755468,
      -0.11883861743933744,
      0.18310941129195718,
      1.0,
      0.0604240935501341,
      -0.022561434895861078,
      0.009028672083295573,
      0.8683223609713802,
      0.9085075772307721,
      0.2082834730368469,
      -0.04984525487195505,
      0.32683240655353507,
      0.07631532543003511,
      -0.026382221173995156,
      0.10544394831750505,
      -0.20741271733447306,
      -0.03828647739066334,
      -0.04843239820902196,
      0.2576498075756824,
      0.19000367084866357
    ],
    [
      0.8085933622679252,
      0.18025121063847915,
      0.11216263684993254,
      0.19497226285380684,
      0.0604240935501341,
      1.0,
      0.7663272356030845,
      0.8373403555306124,
      0.17806050083477795,
      0.12003499477038786,
      0.7245784729019223,
      0.7580530483415017,
      0.5936752869287838,
      0.8459751557252397,
      0.7478663279130626,
      0.6397648883279693,
      0.39860312052027785,
      0.7428583750397916,
      0.7329873144693095,
      0.3341873331778033,
      0.484679761829722
    ],
    [
      0.8200536262841219,
      0.10213939815375801,
      0.1803349294701411,
      0.19277111279602352,
      -0.022561434895861078,
      0.7663272356030845,
      1.0,
      0.9574472838840693,
      0.11964768838705597,
      0.05113774310326613,
      0.7423126376287182,
      0.9708988759371618,
      0.37756595292443046,
      0.6979684974900361,
      0.9759497843134629,
      0.7028256373999174,
      0.2763566802358504,
      0.5932413936975478,
      0.9690381651811419,
      0.2324213795155857,
      0.3369718094560753
    ],
    [
      0.8138853878007872,
      0.14490236034389015,
      0.1722230802754339,
      0.17282833405875045,
      0.009028672083295573,
      0.8373403555306124,
      0.9574472838840693,
      1.0,
      0.1625931386037451,
      0.09443086190072623,
      0.7741486043173784,
      0.9236307888595512,
      0.5386819947703331,
      0.8386846146318087,
      0.9619500845350967,
      0.698388241661002,
      0.3855335019390563,
      0.7495575102561532,
      0.9111798837678454,
      0.34703247311116564,
      0.49434323577845546
    ],
    [
      0.10153723825609384,
      0.8777379607132029,
      0.07850881008814789,
      0.20134726952980841,
      0.8683223609713802,
      0.17806050083477795,
      0.11964768838705597,
      0.1625931386037451,
      1.0,
      0.8176297934001322,
      0.27861905846308044,
      0.08266624405343471,
      0.37347518941275837,
      0.21094977978999857,
      0.11443973169662497,
      0.17120339060887907,
      0.013088393666778995,
      0.09272931798727946,
      0.08343314156783868,
      0.279191479208352,
      0.22762806099837748
    ],
    [
      0.041564838841685936,
      0.9343546986545956,
      -0.08992511880418348,
      0.10033587648990049,
      0.9085075772307721,
      0.12003499477038786,
      0.05113774310326613,
      0.09443086190072623,
      0.8176297934001322,
      1.0,
      0.22289916359389372,
      0.0267064124824199,
      0.3572744948474767,
      0.13975062305244362,
      0.04998043971472197,
      0.1208278163041728,
      -0.12025112792066427,
      0.030706262107257708,
      0.02419339667209848,
      0.2700274330844822,
      0.20991912098389273
    ],
    [
      0.6340015961011436,
      0.3158865347584248,
      0.17125147847915206,
      0.4126420783947909,
      0.2082834730368469,
      0.7245784729019223,
      0.7423126376287182,
      0.7741486043173784,
      0.27861905846308044,
      0.22289916359389372,
      1.0,
      0.704688051576564,
      0.5486877909506183,
      0.7421052557942087,
      0.7074038160564701,
      0.8423296611017718,
      0.2421884944060691,
      0.5532017324856294,
      0.7069739272114158,
      0.3657117230081011,
      0.48601364607778885
    ],
    [
      0.8019878117628552,
      0.07107121037558425,
      0.17975392105342944,
      0.18719462003276915,
      -0.04984525487195505,
      0.7580530483415017,
      0.9708988759371618,
      0.9236307888595512,
      0.08266624405343471,
      0.0267064124824199,
      0.704688051576564,
      1.0,
      0.3235729609690695,
      0.649883943915923,
      0.9555984194768117,
      0.6932000568294553,
      0.27522462234399714,
      0.5505925893995374,
      0.9934867687111861,
      0.18811740012729966,
      0.27118654713179235
    ],
    [
      0.3804831264581558,
      0.4113355534905351,
      0.07680493955876969,
      0.14457766528495591,
      0.32683240655353507,
      0.5936752869287838,
      0.37756595292443046,
      0.5386819947703331,
      0.37347518941275837,
      0.3572744948474767,
      0.5486877909506183,
      0.3235729609690695,
      1.0,
      0.7183023686896186,
      0.39192684349569085,
      0.4085641563285455,
      0.3060441153983721,
      0.579832680309613,
      0.3041270519306511,
      0.5901278046721824,
      0.5944480518688956
    ],
    [
      0.625927825974871,
      0.19531161236012395,
      0.15315465695303043,
      0.1645374133408733,
      0.07631532543003511,
      0.8459751557252397,
      0.6979684974900361,
      0.8386846146318087,
      0.21094977978999857,
      0.13975062305244362,
      0.7421052557942087,
      0.649883943915923,
      0.7183023686896186,
      1.0,
      0.6725493748154773,
      0.6028835155527198,
      0.5265878984485907,
      0.8477191844641189,
      0.6417308596787672,
      0.5228635518011648,
      0.6845498263466843
    ],
    [
      0.8250902205684261,
      0.09922351726599414,
      0.15613711933887864,
      0.16124505742815143,
      -0.026382221173995156,
      0.7478663279130626,
      0.9759497843134629,
      0.9619500845350967,
      0.11443973169662497,
      0.04998043971472197,
      0.7074038160564701,
      0.9555984194768117,
      0.39192684349569085,
      0.6725493748154773,
      1.0,
      0.6694429950223586,
      0.2627664068146201,
      0.6283293381092999,
      0.9418610344376013,
      0.22086306719177415,
      0.3508702335046563
    ],
    [
      0.5837142913615209,
      0.20913046596192153,
      0.21403223509916072,
      0.401045738618691,
      0.10544394831750505,
      0.6397648883279693,
      0.7028256373999174,
      0.698388241661002,
      0.17120339060887907,
      0.1208278163041728,
      0.8423296611017718,
      0.6932000568294553,
      0.4085641563285455,
      0.6028835155527198,
      0.6694429950223586,
      1.0,
      0.21611922674902628,
      0.4211813341020169,
      0.6932920493706585,
      0.27877556331781694,
      0.3365924015718564
    ],
    [
      0.2570782459797343,
      -0.1295081244120486,
      0.5297151318319308,
      0.04106310718782358,
      -0.20741271733447306,
      0.39860312052027785,
      0.2763566802358504,
      0.3855335019390563,
      0.013088393666778995,
      -0.12025112792066427,
      0.2421884944060691,
      0.27522462234399714,
      0.3060441153983721,
      0.5265878984485907,
      0.2627664068146201,
      0.21611922674902628,
      1.0,
      0.41121903038164526,
      0.2609130514436273,
      0.25503233049858337,
      0.23031998208718174
    ],
    [
      0.6021210113975554,
      0.06424477020963439,
      0.03828788805001521,
      0.02224073386519118,
      -0.03828647739066334,
      0.7428583750397916,
      0.5932413936975478,
      0.7495575102561532,
      0.09272931798727946,
      0.030706262107257708,
      0.5532017324856294,
      0.5505925893995374,
      0.579832680309613,
      0.8477191844641189,
      0.6283293381092999,
      0.4211813341020169,
      0.41121903038164526,
      1.0,
      0.5230076802378689,
      0.3517791397505404,
      0.5118590401543663
    ],
    [
      0.7767147906194956,
      0.06955114647488926,
      0.17971476763089403,
      0.19274053465613958,
      -0.04843239820902196,
      0.7329873144693095,
      0.9690381651811419,
      0.9111798837678454,
      0.08343314156783868,
      0.02419339667209848,
      0.7069739272114158,
      0.9934867687111861,
      0.3041270519306511,
      0.6417308596787672,
      0.9418610344376013,
      0.6932920493706585,
      0.2609130514436273,
      0.5230076802378689,
      1.0,
      0.18574638612224748,
      0.26235627745506546
    ],
    [
      0.1976794420287724,
      0.2986069266111615,
      0.11749899976240519,
      0.18418484072051478,
      0.2576498075756824,
      0.3341873331778033,
      0.2324213795155857,
      0.34703247311116564,
      0.279191479208352,
      0.2700274330844822,
      0.3657117230081011,
      0.18811740012729966,
      0.5901278046721824,
      0.5228635518011648,
      0.22086306719177415,
      0.27877556331781694,
      0.25503233049858337,
      0.3517791397505404,
      0.18574638612224748,
      1.0,
      0.36877057373994565
    ],
    [
      0.3242548046711677,
      0.259629208457621,
      -0.002339521204939636,
      0.10331486820062773,
      0.19000367084866357,
      0.484679761829722,
      0.3369718094560753,
      0.49434323577845546,
      0.22762806099837748,
      0.20991912098389273,
      0.48601364607778885,
      0.27118654713179235,
      0.5944480518688956,
      0.6845498263466843,
      0.3508702335046563,
      0.3365924015718564,
      0.23031998208718174,
      0.5118590401543663,
      0.26235627745506546,
      0.36877057373994565,
      1.0
    ]
  ],
  "generated_at": "2026-06-25T22:16:29.868933Z",
  "synthetic": false
}