{
  "tickers": [
    "ARKK",
    "BND",
    "DJP",
    "GLD",
    "IEF",
    "IWM",
    "QQQ",
    "SPY",
    "TIP",
    "TLT",
    "VEA",
    "VGT",
    "VNQ",
    "VTV",
    "VUG",
    "VWO",
    "XLE",
    "XLF",
    "XLK",
    "XLU",
    "XLV"
  ],
  "matrix": [
    [
      1.0,
      0.09419493660647327,
      0.14270738925358542,
      0.1780617180890936,
      -0.013890440357028203,
      0.807879815257115,
      0.8148760920502112,
      0.812072567464775,
      0.10563052408453662,
      0.042518464358326256,
      0.6309789294642182,
      0.7963863823577022,
      0.3726542469523886,
      0.621817820068462,
      0.8244581365966466,
      0.5847037462208895,
      0.24851351128222773,
      0.6003445170454892,
      0.7691508302090944,
      0.1877638206301338,
      0.31572866977024466
    ],
    [
      0.09419493660647327,
      1.0,
      -0.09454671993577521,
      0.19062057413500605,
      0.9749175472312138,
      0.18287196823742727,
      0.09674863778417084,
      0.13979611607972237,
      0.870293674015336,
      0.9331142019921319,
      0.31512158953766023,
      0.06542933145252104,
      0.41515588426572464,
      0.19808431584593575,
      0.09127413746993177,
      0.20800366740007226,
      -0.13296124563238626,
      0.06623710093139931,
      0.06422208868968918,
      0.29969480543039007,
      0.2595641064562729
    ],
    [
      0.14270738925358542,
      -0.09454671993577521,
      1.0,
      0.4760294810283742,
      -0.12785698480711247,
      0.11515366098380486,
      0.18023637450814817,
      0.17235325311674593,
      0.06203102185621208,
      -0.09831775381428333,
      0.1731254959079332,
      0.1812857657903391,
      0.07136886787175857,
      0.15497079642052194,
      0.15454767538919142,
      0.21588993596639844,
      0.5274673481481704,
      0.03905076403738399,
      0.1816546885524931,
      0.10986738078047598,
      -0.011770257922360213
    ],
    [
      0.1780617180890936,
      0.19062057413500605,
      0.4760294810283742,
      1.0,
      0.18462632442610788,
      0.1963399446249083,
      0.18316503812626506,
      0.16777981223410451,
      0.20486733795784956,
      0.1000972039690489,
      0.4091922387566828,
      0.17911762390957167,
      0.1465219021830354,
      0.16637001871612317,
      0.15449097006222104,
      0.3978109418266735,
      0.039103387254121255,
      0.028412354055209987,
      0.1833107018815411,
      0.18534526762614772,
      0.10788380818630602
    ],
    [
      -0.013890440357028203,
      0.9749175472312138,
      -0.12785698480711247,
      0.18462632442610788,
      1.0,
      0.0616183818336209,
      -0.027772095436994933,
      0.0030363361695710835,
      0.8618493986393403,
      0.9067261449829316,
      0.2074281137918641,
      -0.05470325002628396,
      0.3297588666473556,
      0.07740110765774483,
      -0.03423757845115759,
      0.10472519762605888,
      -0.2105617145722622,
      -0.037118769454460285,
      -0.052772961410559274,
      0.258364534815464,
      0.19203847414958247
    ],
    [
      0.807879815257115,
      0.18287196823742727,
      0.11515366098380486,
      0.1963399446249083,
      0.0616183818336209,
      1.0,
      0.7638073579064005,
      0.8360994033199758,
      0.17916194813612463,
      0.1214346542366178,
      0.7245267235164602,
      0.755901322956635,
      0.5833169407386821,
      0.8434036622573511,
      0.7477870705203552,
      0.6404844760296061,
      0.3934987371373453,
      0.737541705210698,
      0.7292897043976936,
      0.32754973417095856,
      0.4700479852959849
    ],
    [
      0.8148760920502112,
      0.09674863778417084,
      0.18023637450814817,
      0.18316503812626506,
      -0.027772095436994933,
      0.7638073579064005,
      1.0,
      0.9547853885283915,
      0.11047062506812234,
      0.04804994197299223,
      0.7415686767472773,
      0.9716464948539671,
      0.35432744614605194,
      0.6901812773512509,
      0.9735678415430885,
      0.706276159488641,
      0.26662806460462407,
      0.5782246536525134,
      0.9698735494256451,
      0.2132289896616722,
      0.30526928575379636
    ],
    [
      0.812072567464775,
      0.13979611607972237,
      0.17235325311674593,
      0.16777981223410451,
      0.0030363361695710835,
      0.8360994033199758,
      0.9547853885283915,
      1.0,
      0.15473046568049456,
      0.0898739059413671,
      0.7729569203222204,
      0.9214722967215081,
      0.5245565134283827,
      0.8357828648099654,
      0.9617182729722096,
      0.6995837117407919,
      0.38068344577023133,
      0.7432635554674784,
      0.9073889445415457,
      0.3341112923381153,
      0.4736310653876021
    ],
    [
      0.10563052408453662,
      0.870293674015336,
      0.06203102185621208,
      0.20486733795784956,
      0.8618493986393403,
      0.17916194813612463,
      0.11047062506812234,
      0.15473046568049456,
      1.0,
      0.8049030371750118,
      0.27297136277248796,
      0.06617293664309813,
      0.3816075464098019,
      0.2122736659403653,
      0.10296913647916522,
      0.1634027044887581,
      0.0034894897572006357,
      0.09573609462700737,
      0.06763988291218723,
      0.29780371638489944,
      0.23373269558001156
    ],
    [
      0.042518464358326256,
      0.9331142019921319,
      -0.09831775381428333,
      0.1000972039690489,
      0.9067261449829316,
      0.1214346542366178,
      0.04804994197299223,
      0.0898739059413671,
      0.8049030371750118,
      1.0,
      0.22452274762422436,
      0.024843172606636627,
      0.3598405446846372,
      0.14225217308979884,
      0.04291509507273857,
      0.12186179809121422,
      -0.12218249380113169,
      0.030543963828784815,
      0.02289782980126557,
      0.26653714886093627,
      0.20750309666691752
    ],
    [
      0.6309789294642182,
      0.31512158953766023,
      0.1731254959079332,
      0.4091922387566828,
      0.2074281137918641,
      0.7245267235164602,
      0.7415686767472773,
      0.7729569203222204,
      0.27297136277248796,
      0.22452274762422436,
      1.0,
      0.7042857884886936,
      0.5327217447834339,
      0.7405753619637079,
      0.7052190291029711,
      0.8432061629155394,
      0.235532473045683,
      0.5469987203022078,
      0.7060903333745909,
      0.3568816179826759,
      0.4627135524580795
    ],
    [
      0.7963863823577022,
      0.06542933145252104,
      0.1812857657903391,
      0.17911762390957167,
      -0.05470325002628396,
      0.755901322956635,
      0.9716464948539671,
      0.9214722967215081,
      0.06617293664309813,
      0.024843172606636627,
      0.7042857884886936,
      1.0,
      0.3017649182577085,
      0.6422433311078344,
      0.9540528393527561,
      0.6956616297800442,
      0.2649447216890037,
      0.5360885666282211,
      0.993366739407956,
      0.17113265723626006,
      0.24256480344923353
    ],
    [
      0.3726542469523886,
      0.41515588426572464,
      0.07136886787175857,
      0.1465219021830354,
      0.3297588666473556,
      0.5833169407386821,
      0.35432744614605194,
      0.5245565134283827,
      0.3816075464098019,
      0.3598405446846372,
      0.5327217447834339,
      0.3017649182577085,
      1.0,
      0.7131242676950664,
      0.37742593075580466,
      0.391537389972637,
      0.3104958493083532,
      0.5765502377731414,
      0.27922872858343667,
      0.5966326753055974,
      0.602952666028153
    ],
    [
      0.621817820068462,
      0.19808431584593575,
      0.15497079642052194,
      0.16637001871612317,
      0.07740110765774483,
      0.8434036622573511,
      0.6901812773512509,
      0.8357828648099654,
      0.2122736659403653,
      0.14225217308979884,
      0.7405753619637079,
      0.6422433311078344,
      0.7131242676950664,
      1.0,
      0.6683556555949142,
      0.5987294696989078,
      0.5262144738318665,
      0.8431863259702007,
      0.6319448201213927,
      0.5225481369521668,
      0.6718264507150876
    ],
    [
      0.8244581365966466,
      0.09127413746993177,
      0.15454767538919142,
      0.15449097006222104,
      -0.03423757845115759,
      0.7477870705203552,
      0.9735678415430885,
      0.9617182729722096,
      0.10296913647916522,
      0.04291509507273857,
      0.7052190291029711,
      0.9540528393527561,
      0.37742593075580466,
      0.6683556555949142,
      1.0,
      0.6719909247721532,
      0.2565035578268319,
      0.6223523717927797,
      0.9388156546140575,
      0.2049792044372978,
      0.33202552251315054
    ],
    [
      0.5847037462208895,
      0.20800366740007226,
      0.21588993596639844,
      0.3978109418266735,
      0.10472519762605888,
      0.6404844760296061,
      0.706276159488641,
      0.6995837117407919,
      0.1634027044887581,
      0.12186179809121422,
      0.8432061629155394,
      0.6956616297800442,
      0.391537389972637,
      0.5987294696989078,
      0.6719909247721532,
      1.0,
      0.20496682260183197,
      0.4159814911775755,
      0.6952583575164363,
      0.264932746385113,
      0.31532625029159833
    ],
    [
      0.24851351128222773,
      -0.13296124563238626,
      0.5274673481481704,
      0.039103387254121255,
      -0.2105617145722622,
      0.3934987371373453,
      0.26662806460462407,
      0.38068344577023133,
      0.0034894897572006357,
      -0.12218249380113169,
      0.235532473045683,
      0.2649447216890037,
      0.3104958493083532,
      0.5262144738318665,
      0.2565035578268319,
      0.20496682260183197,
      1.0,
      0.40653252440885085,
      0.24893001971649345,
      0.2609645451239029,
      0.23454021239549283
    ],
    [
      0.6003445170454892,
      0.06623710093139931,
      0.03905076403738399,
      0.028412354055209987,
      -0.037118769454460285,
      0.737541705210698,
      0.5782246536525134,
      0.7432635554674784,
      0.09573609462700737,
      0.030543963828784815,
      0.5469987203022078,
      0.5360885666282211,
      0.5765502377731414,
      0.8431863259702007,
      0.6223523717927797,
      0.4159814911775755,
      0.40653252440885085,
      1.0,
      0.5054586059593047,
      0.34680893737661755,
      0.5078202767551351
    ],
    [
      0.7691508302090944,
      0.06422208868968918,
      0.1816546885524931,
      0.1833107018815411,
      -0.052772961410559274,
      0.7292897043976936,
      0.9698735494256451,
      0.9073889445415457,
      0.06763988291218723,
      0.02289782980126557,
      0.7060903333745909,
      0.993366739407956,
      0.27922872858343667,
      0.6319448201213927,
      0.9388156546140575,
      0.6952583575164363,
      0.24893001971649345,
      0.5054586059593047,
      1.0,
      0.16673679380463322,
      0.2288974960888553
    ],
    [
      0.1877638206301338,
      0.29969480543039007,
      0.10986738078047598,
      0.18534526762614772,
      0.258364534815464,
      0.32754973417095856,
      0.2132289896616722,
      0.3341112923381153,
      0.29780371638489944,
      0.26653714886093627,
      0.3568816179826759,
      0.17113265723626006,
      0.5966326753055974,
      0.5225481369521668,
      0.2049792044372978,
      0.264932746385113,
      0.2609645451239029,
      0.34680893737661755,
      0.16673679380463322,
      1.0,
      0.38056965864119013
    ],
    [
      0.31572866977024466,
      0.2595641064562729,
      -0.011770257922360213,
      0.10788380818630602,
      0.19203847414958247,
      0.4700479852959849,
      0.30526928575379636,
      0.4736310653876021,
      0.23373269558001156,
      0.20750309666691752,
      0.4627135524580795,
      0.24256480344923353,
      0.602952666028153,
      0.6718264507150876,
      0.33202552251315054,
      0.31532625029159833,
      0.23454021239549283,
      0.5078202767551351,
      0.2288974960888553,
      0.38056965864119013,
      1.0
    ]
  ],
  "generated_at": "2026-07-07T22:06:21.860294Z",
  "synthetic": false
}