{
  "tickers": [
    "ARKK",
    "BND",
    "DJP",
    "GLD",
    "IEF",
    "IWM",
    "QQQ",
    "SPY",
    "TIP",
    "TLT",
    "VEA",
    "VGT",
    "VNQ",
    "VTV",
    "VUG",
    "VWO",
    "XLE",
    "XLF",
    "XLK",
    "XLU",
    "XLV"
  ],
  "matrix": [
    [
      1.0,
      0.09392877749009182,
      0.14176798333482601,
      0.1771590312424385,
      -0.014091273522627385,
      0.8076037504676805,
      0.8166561218149377,
      0.8122927662203164,
      0.1042705499653311,
      0.0429272945091018,
      0.6318758445076779,
      0.7985218738511886,
      0.37962357213393944,
      0.6245524471220739,
      0.8239600203295717,
      0.5834110984795358,
      0.2550443192640611,
      0.601824719587213,
      0.7724923126106064,
      0.19722544090718383,
      0.32572808129785286
    ],
    [
      0.09392877749009182,
      1.0,
      -0.08755573786843845,
      0.19022995283349203,
      0.9749425179353961,
      0.17785349790896737,
      0.09822076120826671,
      0.14202860343267282,
      0.87694016387037,
      0.9340717914538401,
      0.3153837533721297,
      0.06814091607839103,
      0.41558288717958874,
      0.1961953768308237,
      0.09581726378983625,
      0.20889132864214816,
      -0.12775526310905805,
      0.06695621400109897,
      0.06572798365357937,
      0.2974404342146514,
      0.2612581481092454
    ],
    [
      0.14176798333482601,
      -0.08755573786843845,
      1.0,
      0.4803036191399684,
      -0.12229588293820334,
      0.11328991000505573,
      0.17892649015619858,
      0.17068038259086712,
      0.07381278242874145,
      -0.09378053961143888,
      0.17202605712066232,
      0.1796209256574618,
      0.07364805744569689,
      0.15433591576119782,
      0.15313025205455827,
      0.21404910586383075,
      0.5291597955433779,
      0.03761821179508371,
      0.18015399895493386,
      0.11404584548084828,
      -0.008440597875780925
    ],
    [
      0.1771590312424385,
      0.19022995283349203,
      0.4803036191399684,
      1.0,
      0.18433269555872892,
      0.1948639605944307,
      0.18616592100102047,
      0.1678233287610754,
      0.20053563938492652,
      0.1006373525707473,
      0.4095439006326465,
      0.18179622237418933,
      0.14656670339920339,
      0.16396520880462823,
      0.15587278769227708,
      0.39786021317434683,
      0.041268721643869945,
      0.0223284125372232,
      0.1868908284102822,
      0.18586461037702223,
      0.10649749804669864
    ],
    [
      -0.014091273522627385,
      0.9749425179353961,
      -0.12229588293820334,
      0.18433269555872892,
      1.0,
      0.05716744331337369,
      -0.027217992504852503,
      0.005316774050470181,
      0.8675646355107776,
      0.9077030463007094,
      0.20662851544168925,
      -0.05345421301269887,
      0.33146527235419976,
      0.07581970567492681,
      -0.029922266202978012,
      0.10440886706478195,
      -0.20627023859173635,
      -0.03599582639217357,
      -0.05309153697478316,
      0.2570290918538146,
      0.1941563640288369
    ],
    [
      0.8076037504676805,
      0.17785349790896737,
      0.11328991000505573,
      0.1948639605944307,
      0.05716744331337369,
      1.0,
      0.7629578794690772,
      0.8351104111655989,
      0.17477091168338207,
      0.11763820015748007,
      0.7239068670365442,
      0.7557887730654683,
      0.5890720544321255,
      0.8453936494832509,
      0.7458766389837378,
      0.6394769893592164,
      0.39812446406840607,
      0.7435010736704762,
      0.7300390479774348,
      0.3330496427945627,
      0.4794690430085642
    ],
    [
      0.8166561218149377,
      0.09822076120826671,
      0.17892649015619858,
      0.18616592100102047,
      -0.027217992504852503,
      0.7629578794690772,
      1.0,
      0.9574434242152451,
      0.11589029057149616,
      0.0474786759480853,
      0.7417700951322812,
      0.9710375086852041,
      0.3664600131754464,
      0.6954323722702895,
      0.9755307514076972,
      0.7037780868267577,
      0.27298259957872917,
      0.5902126638242178,
      0.9691791134923928,
      0.2239161829028983,
      0.3234677540820311
    ],
    [
      0.8122927662203164,
      0.14202860343267282,
      0.17068038259086712,
      0.1678233287610754,
      0.005316774050470181,
      0.8351104111655989,
      0.9574434242152451,
      1.0,
      0.1601017782418668,
      0.0916456620976303,
      0.7739667151386982,
      0.9237550151171472,
      0.5298963487153344,
      0.8369319538964091,
      0.9618426829412204,
      0.6995413951945583,
      0.382939123304912,
      0.7475904301787404,
      0.9111230537060524,
      0.3403836632015135,
      0.48219943744954147
    ],
    [
      0.1042705499653311,
      0.87694016387037,
      0.07381278242874145,
      0.20053563938492652,
      0.8675646355107776,
      0.17477091168338207,
      0.11589029057149616,
      0.1601017782418668,
      1.0,
      0.8170694659605413,
      0.2765056588501046,
      0.07919370665565639,
      0.37731309199281277,
      0.21104289159618286,
      0.11209549111957157,
      0.17023767767304895,
      0.014774531811944084,
      0.0953418084409143,
      0.07895026371835857,
      0.2791630369771615,
      0.23216331727798664
    ],
    [
      0.0429272945091018,
      0.9340717914538401,
      -0.09378053961143888,
      0.1006373525707473,
      0.9077030463007094,
      0.11763820015748007,
      0.0474786759480853,
      0.0916456620976303,
      0.8170694659605413,
      1.0,
      0.22346086645113653,
      0.024406352938817537,
      0.3630074962137945,
      0.14135413607684558,
      0.04611682138083468,
      0.12127774569192473,
      -0.11837558738149184,
      0.03381960939084094,
      0.021028687714353556,
      0.2674887070646057,
      0.21076917181342203
    ],
    [
      0.6318758445076779,
      0.3153837533721297,
      0.17202605712066232,
      0.4095439006326465,
      0.20662851544168925,
      0.7239068670365442,
      0.7417700951322812,
      0.7739667151386982,
      0.2765056588501046,
      0.22346086645113653,
      1.0,
      0.704476230958061,
      0.5418428509184365,
      0.7421016687049851,
      0.7065274810663663,
      0.8422624218954102,
      0.24164791308696743,
      0.5524226477106611,
      0.7066541417904935,
      0.3622495400020934,
      0.4744139436931096
    ],
    [
      0.7985218738511886,
      0.06814091607839103,
      0.1796209256574618,
      0.18179622237418933,
      -0.05345421301269887,
      0.7557887730654683,
      0.9710375086852041,
      0.9237550151171472,
      0.07919370665565639,
      0.024406352938817537,
      0.704476230958061,
      1.0,
      0.31280941157815695,
      0.647441934506658,
      0.9554423039272698,
      0.6941237800971218,
      0.27165915869134044,
      0.5476158979911243,
      0.993502287612792,
      0.18068231853743227,
      0.259031140146158
    ],
    [
      0.37962357213393944,
      0.41558288717958874,
      0.07364805744569689,
      0.14656670339920339,
      0.33146527235419976,
      0.5890720544321255,
      0.3664600131754464,
      0.5298963487153344,
      0.37731309199281277,
      0.3630074962137945,
      0.5418428509184365,
      0.31280941157815695,
      1.0,
      0.7144968395367856,
      0.3842540804503958,
      0.402308595185731,
      0.30597132594112064,
      0.5791936258543242,
      0.29211285066018633,
      0.5956373799781046,
      0.5988135629127501
    ],
    [
      0.6245524471220739,
      0.1961953768308237,
      0.15433591576119782,
      0.16396520880462823,
      0.07581970567492681,
      0.8453936494832509,
      0.6954323722702895,
      0.8369319538964091,
      0.21104289159618286,
      0.14135413607684558,
      0.7421016687049851,
      0.647441934506658,
      0.7144968395367856,
      1.0,
      0.6703034344030705,
      0.6019432453684673,
      0.5271361873187268,
      0.8475766758866449,
      0.6388227743220426,
      0.5225302616074543,
      0.673890932574202
    ],
    [
      0.8239600203295717,
      0.09581726378983625,
      0.15313025205455827,
      0.15587278769227708,
      -0.029922266202978012,
      0.7458766389837378,
      0.9755307514076972,
      0.9618426829412204,
      0.11209549111957157,
      0.04611682138083468,
      0.7065274810663663,
      0.9554423039272698,
      0.3842540804503958,
      0.6703034344030705,
      1.0,
      0.6708759820289287,
      0.25933686110676685,
      0.6263161982372714,
      0.9414140503878737,
      0.21366373400498664,
      0.34293718711543836
    ],
    [
      0.5834110984795358,
      0.20889132864214816,
      0.21404910586383075,
      0.39786021317434683,
      0.10440886706478195,
      0.6394769893592164,
      0.7037780868267577,
      0.6995413951945583,
      0.17023767767304895,
      0.12127774569192473,
      0.8422624218954102,
      0.6941237800971218,
      0.402308595185731,
      0.6019432453684673,
      0.6708759820289287,
      1.0,
      0.21443280048295446,
      0.4203487766428782,
      0.6939337137194544,
      0.27522250396191533,
      0.32884160674821733
    ],
    [
      0.2550443192640611,
      -0.12775526310905805,
      0.5291597955433779,
      0.041268721643869945,
      -0.20627023859173635,
      0.39812446406840607,
      0.27298259957872917,
      0.382939123304912,
      0.014774531811944084,
      -0.11837558738149184,
      0.24164791308696743,
      0.27165915869134044,
      0.30597132594112064,
      0.5271361873187268,
      0.25933686110676685,
      0.21443280048295446,
      1.0,
      0.4109612709902509,
      0.2573082080769804,
      0.25693787120573797,
      0.22723579336486877
    ],
    [
      0.601824719587213,
      0.06695621400109897,
      0.03761821179508371,
      0.0223284125372232,
      -0.03599582639217357,
      0.7435010736704762,
      0.5902126638242178,
      0.7475904301787404,
      0.0953418084409143,
      0.03381960939084094,
      0.5524226477106611,
      0.5476158979911243,
      0.5791936258543242,
      0.8475766758866449,
      0.6263161982372714,
      0.4203487766428782,
      0.4109612709902509,
      1.0,
      0.5195878743422376,
      0.3529921854267837,
      0.5081914237063794
    ],
    [
      0.7724923126106064,
      0.06572798365357937,
      0.18015399895493386,
      0.1868908284102822,
      -0.05309153697478316,
      0.7300390479774348,
      0.9691791134923928,
      0.9111230537060524,
      0.07895026371835857,
      0.021028687714353556,
      0.7066541417904935,
      0.993502287612792,
      0.29211285066018633,
      0.6388227743220426,
      0.9414140503878737,
      0.6939337137194544,
      0.2573082080769804,
      0.5195878743422376,
      1.0,
      0.17734904015436898,
      0.24810005611281097
    ],
    [
      0.19722544090718383,
      0.2974404342146514,
      0.11404584548084828,
      0.18586461037702223,
      0.2570290918538146,
      0.3330496427945627,
      0.2239161829028983,
      0.3403836632015135,
      0.2791630369771615,
      0.2674887070646057,
      0.3622495400020934,
      0.18068231853743227,
      0.5956373799781046,
      0.5225302616074543,
      0.21366373400498664,
      0.27522250396191533,
      0.25693787120573797,
      0.3529921854267837,
      0.17734904015436898,
      1.0,
      0.3713790646309773
    ],
    [
      0.32572808129785286,
      0.2612581481092454,
      -0.008440597875780925,
      0.10649749804669864,
      0.1941563640288369,
      0.4794690430085642,
      0.3234677540820311,
      0.48219943744954147,
      0.23216331727798664,
      0.21076917181342203,
      0.4744139436931096,
      0.259031140146158,
      0.5988135629127501,
      0.673890932574202,
      0.34293718711543836,
      0.32884160674821733,
      0.22723579336486877,
      0.5081914237063794,
      0.24810005611281097,
      0.3713790646309773,
      1.0
    ]
  ],
  "generated_at": "2026-06-30T22:10:31.785047Z",
  "synthetic": false
}