{
  "tickers": [
    "ARKK",
    "BND",
    "DJP",
    "GLD",
    "IEF",
    "IWM",
    "QQQ",
    "SPY",
    "TIP",
    "TLT",
    "VEA",
    "VGT",
    "VNQ",
    "VTV",
    "VUG",
    "VWO",
    "XLE",
    "XLF",
    "XLK",
    "XLU",
    "XLV"
  ],
  "matrix": [
    [
      1.0,
      0.09652877625286081,
      0.14128590767400948,
      0.18035887737526926,
      -0.011921779100169233,
      0.8153205482502852,
      0.8158714704392803,
      0.8124562091713243,
      0.10595217612240045,
      0.04365038942898046,
      0.6324429540021153,
      0.7959467845188188,
      0.37775917497676903,
      0.6234760108075207,
      0.8253210514456566,
      0.5838593389270716,
      0.24567505659928604,
      0.6008849411874375,
      0.7692694786462815,
      0.18862417651791114,
      0.3180317720862209
    ],
    [
      0.09652877625286081,
      1.0,
      -0.09627456942721432,
      0.18695804593941023,
      0.9746346314123334,
      0.17693524149988857,
      0.1043424952495271,
      0.14461122132893078,
      0.8759212986368793,
      0.9334079140535897,
      0.31642336573350216,
      0.0729575427168425,
      0.40785681350241254,
      0.1967882850232478,
      0.09886586389413975,
      0.20793857762338983,
      -0.13636733919419478,
      0.06711327014031902,
      0.07284583950292274,
      0.288464185138532,
      0.25767217708824647
    ],
    [
      0.14128590767400948,
      -0.09627456942721432,
      1.0,
      0.4731985349130695,
      -0.1302809341088724,
      0.11106871186096215,
      0.18067174538373137,
      0.17144408355653393,
      0.06873817283227754,
      -0.10009777583943608,
      0.17064215018760007,
      0.1820852445255599,
      0.06571354467608741,
      0.15138399685692971,
      0.15527406079431796,
      0.2156883339050083,
      0.5284510838458579,
      0.034447451858119524,
      0.18281100605885955,
      0.10800179109681993,
      -0.013230467504046804
    ],
    [
      0.18035887737526926,
      0.18695804593941023,
      0.4731985349130695,
      1.0,
      0.181170529796722,
      0.19378340377438866,
      0.18808923602554103,
      0.17076740992999567,
      0.1980960763403075,
      0.09691749065408925,
      0.40997032981034087,
      0.18212008463284415,
      0.14313947220081313,
      0.16599818183732065,
      0.15899600339111583,
      0.3961765342989372,
      0.034657454405073757,
      0.029901184494764733,
      0.18730822481182796,
      0.18169149995106623,
      0.10801210163216257
    ],
    [
      -0.011921779100169233,
      0.9746346314123334,
      -0.1302809341088724,
      0.181170529796722,
      1.0,
      0.05402203835378398,
      -0.020847767441681177,
      0.007153325648320958,
      0.8665902150791666,
      0.9067694390430749,
      0.20789485468985827,
      -0.04815781111433975,
      0.32180795003251395,
      0.07532587696766037,
      -0.027406144824159102,
      0.10422619279027515,
      -0.2147562339355276,
      -0.03658893244705062,
      -0.04509178260463915,
      0.24822203183748878,
      0.1901720933826722
    ],
    [
      0.8153205482502852,
      0.17693524149988857,
      0.11106871186096215,
      0.19378340377438866,
      0.05402203835378398,
      1.0,
      0.7783199846375511,
      0.8461300973950585,
      0.17423954765124886,
      0.11526547162533601,
      0.72746177117649,
      0.7661168115846974,
      0.5773792087938608,
      0.8447608558160812,
      0.7619651831994722,
      0.6404953545454481,
      0.38715695444094567,
      0.7401009117688345,
      0.7416674006453399,
      0.3202685898384627,
      0.47029269433196375
    ],
    [
      0.8158714704392803,
      0.1043424952495271,
      0.18067174538373137,
      0.18808923602554103,
      -0.020847767441681177,
      0.7783199846375511,
      1.0,
      0.9548340441794241,
      0.11916401369286861,
      0.05261572642478628,
      0.7438219303500189,
      0.9715224912825339,
      0.3651646912528283,
      0.693669475555217,
      0.9733416008973333,
      0.710369983059056,
      0.26649863538624385,
      0.580681145105458,
      0.9695430361279649,
      0.21728629759303297,
      0.3055352299518768
    ],
    [
      0.8124562091713243,
      0.14461122132893078,
      0.17144408355653393,
      0.17076740992999567,
      0.007153325648320958,
      0.8461300973950585,
      0.9548340441794241,
      1.0,
      0.16110287320405617,
      0.09238242986569532,
      0.7740263853231892,
      0.9203272161259842,
      0.5331185850520702,
      0.8379188520971178,
      0.9620218469477732,
      0.7013490587381618,
      0.37883409160848236,
      0.7447737315805377,
      0.9063445517122436,
      0.336847875463328,
      0.47327798741019267
    ],
    [
      0.10595217612240045,
      0.8759212986368793,
      0.06873817283227754,
      0.1980960763403075,
      0.8665902150791666,
      0.17423954765124886,
      0.11916401369286861,
      0.16110287320405617,
      1.0,
      0.8155341644502739,
      0.2773192955043209,
      0.08178978310509029,
      0.37080362165737074,
      0.21166100646201463,
      0.11298283182242892,
      0.1717001460587132,
      0.009705935677481788,
      0.09560417054501176,
      0.08334427797052761,
      0.27369016526434137,
      0.2274616660175839
    ],
    [
      0.04365038942898046,
      0.9334079140535897,
      -0.10009777583943608,
      0.09691749065408925,
      0.9067694390430749,
      0.11526547162533601,
      0.05261572642478628,
      0.09238242986569532,
      0.8155341644502739,
      1.0,
      0.2236425609465806,
      0.028719575759033975,
      0.35404370058447976,
      0.13996019342646282,
      0.04765102833350118,
      0.12132272170165163,
      -0.1250018370620677,
      0.030439119981291746,
      0.027624737930773385,
      0.25995017228371115,
      0.20544053425572742
    ],
    [
      0.6324429540021153,
      0.31642336573350216,
      0.17064215018760007,
      0.40997032981034087,
      0.20789485468985827,
      0.72746177117649,
      0.7438219303500189,
      0.7740263853231892,
      0.2773192955043209,
      0.2236425609465806,
      1.0,
      0.704141287253227,
      0.535313530577976,
      0.7404710638999719,
      0.7077878548543549,
      0.8433928333245666,
      0.23129106380533185,
      0.5485322783151892,
      0.7066570986853328,
      0.3560655699689325,
      0.4616712627215805
    ],
    [
      0.7959467845188188,
      0.0729575427168425,
      0.1820852445255599,
      0.18212008463284415,
      -0.04815781111433975,
      0.7661168115846974,
      0.9715224912825339,
      0.9203272161259842,
      0.08178978310509029,
      0.028719575759033975,
      0.704141287253227,
      1.0,
      0.3075252506855025,
      0.6425999656461612,
      0.9536885896744501,
      0.6986339290330889,
      0.26486189315784653,
      0.5355474937925712,
      0.993446052153934,
      0.17241298887097004,
      0.24058661742837797
    ],
    [
      0.37775917497676903,
      0.40785681350241254,
      0.06571354467608741,
      0.14313947220081313,
      0.32180795003251395,
      0.5773792087938608,
      0.3651646912528283,
      0.5331185850520702,
      0.37080362165737074,
      0.35404370058447976,
      0.535313530577976,
      0.3075252506855025,
      1.0,
      0.7150492359842517,
      0.38870884303672343,
      0.3889776642757736,
      0.30314393550608976,
      0.5804209542401868,
      0.2868341630261787,
      0.5931187078895086,
      0.604708769951545
    ],
    [
      0.6234760108075207,
      0.1967882850232478,
      0.15138399685692971,
      0.16599818183732065,
      0.07532587696766037,
      0.8447608558160812,
      0.693669475555217,
      0.8379188520971178,
      0.21166100646201463,
      0.13996019342646282,
      0.7404710638999719,
      0.6425999656461612,
      0.7150492359842517,
      1.0,
      0.6721718383023595,
      0.5970441117122924,
      0.5202521944948358,
      0.844096364934127,
      0.6332757439923282,
      0.5209430670913086,
      0.6708420535549363
    ],
    [
      0.8253210514456566,
      0.09886586389413975,
      0.15527406079431796,
      0.15899600339111583,
      -0.027406144824159102,
      0.7619651831994722,
      0.9733416008973333,
      0.9620218469477732,
      0.11298283182242892,
      0.04765102833350118,
      0.7077878548543549,
      0.9536885896744501,
      0.38870884303672343,
      0.6721718383023595,
      1.0,
      0.6760285449515099,
      0.25714947856117254,
      0.6246920164366493,
      0.9381044570454461,
      0.20969574670932364,
      0.33247464495301066
    ],
    [
      0.5838593389270716,
      0.20793857762338983,
      0.2156883339050083,
      0.3961765342989372,
      0.10422619279027515,
      0.6404953545454481,
      0.710369983059056,
      0.7013490587381618,
      0.1717001460587132,
      0.12132272170165163,
      0.8433928333245666,
      0.6986339290330889,
      0.3889776642757736,
      0.5970441117122924,
      0.6760285449515099,
      1.0,
      0.20433453735953439,
      0.4129660631684176,
      0.6990280841289735,
      0.2622946598223389,
      0.31136433238758926
    ],
    [
      0.24567505659928604,
      -0.13636733919419478,
      0.5284510838458579,
      0.034657454405073757,
      -0.2147562339355276,
      0.38715695444094567,
      0.26649863538624385,
      0.37883409160848236,
      0.009705935677481788,
      -0.1250018370620677,
      0.23129106380533185,
      0.26486189315784653,
      0.30314393550608976,
      0.5202521944948358,
      0.25714947856117254,
      0.20433453735953439,
      1.0,
      0.3987528869253868,
      0.24922547031274547,
      0.25809705759786417,
      0.2295874863050635
    ],
    [
      0.6008849411874375,
      0.06711327014031902,
      0.034447451858119524,
      0.029901184494764733,
      -0.03658893244705062,
      0.7401009117688345,
      0.580681145105458,
      0.7447737315805377,
      0.09560417054501176,
      0.030439119981291746,
      0.5485322783151892,
      0.5355474937925712,
      0.5804209542401868,
      0.844096364934127,
      0.6246920164366493,
      0.4129660631684176,
      0.3987528869253868,
      1.0,
      0.5058243115506886,
      0.34576224172933817,
      0.5079927500650008
    ],
    [
      0.7692694786462815,
      0.07284583950292274,
      0.18281100605885955,
      0.18730822481182796,
      -0.04509178260463915,
      0.7416674006453399,
      0.9695430361279649,
      0.9063445517122436,
      0.08334427797052761,
      0.027624737930773385,
      0.7066570986853328,
      0.993446052153934,
      0.2868341630261787,
      0.6332757439923282,
      0.9381044570454461,
      0.6990280841289735,
      0.24922547031274547,
      0.5058243115506886,
      1.0,
      0.168944969054945,
      0.22746080583486325
    ],
    [
      0.18862417651791114,
      0.288464185138532,
      0.10800179109681993,
      0.18169149995106623,
      0.24822203183748878,
      0.3202685898384627,
      0.21728629759303297,
      0.336847875463328,
      0.27369016526434137,
      0.25995017228371115,
      0.3560655699689325,
      0.17241298887097004,
      0.5931187078895086,
      0.5209430670913086,
      0.20969574670932364,
      0.2622946598223389,
      0.25809705759786417,
      0.34576224172933817,
      0.168944969054945,
      1.0,
      0.37840363131697285
    ],
    [
      0.3180317720862209,
      0.25767217708824647,
      -0.013230467504046804,
      0.10801210163216257,
      0.1901720933826722,
      0.47029269433196375,
      0.3055352299518768,
      0.47327798741019267,
      0.2274616660175839,
      0.20544053425572742,
      0.4616712627215805,
      0.24058661742837797,
      0.604708769951545,
      0.6708420535549363,
      0.33247464495301066,
      0.31136433238758926,
      0.2295874863050635,
      0.5079927500650008,
      0.22746080583486325,
      0.37840363131697285,
      1.0
    ]
  ],
  "generated_at": "2026-07-10T21:52:59.716675Z",
  "synthetic": false
}