{
  "tickers": [
    "ARKK",
    "BND",
    "DJP",
    "GLD",
    "IEF",
    "IWM",
    "QQQ",
    "SPY",
    "TIP",
    "TLT",
    "VEA",
    "VGT",
    "VNQ",
    "VTV",
    "VUG",
    "VWO",
    "XLE",
    "XLF",
    "XLK",
    "XLU",
    "XLV"
  ],
  "matrix": [
    [
      1.0,
      0.09727166920993342,
      0.14040033583730632,
      0.18156535819729044,
      -0.011813318520789332,
      0.814903656804687,
      0.8181425511887523,
      0.812983040283896,
      0.10477071220364785,
      0.04195346658657112,
      0.6348832667511456,
      0.7978274818413273,
      0.37260050310355075,
      0.6196507137335215,
      0.8273571170921931,
      0.586884469057909,
      0.2391910816108858,
      0.5974543922821118,
      0.7718782893673944,
      0.18905301855460754,
      0.31104250139878775
    ],
    [
      0.09727166920993342,
      1.0,
      -0.10133358060974118,
      0.1904473744890492,
      0.9746245174590311,
      0.17629968686313924,
      0.10888875299750274,
      0.14590412112940923,
      0.8757845774250205,
      0.9325671370303894,
      0.318140630330571,
      0.07707393954519594,
      0.40452534520414707,
      0.1914481276716095,
      0.10341928185291543,
      0.2093739882222772,
      -0.14033856442032958,
      0.06667234632413123,
      0.07718676060393631,
      0.2784206117228099,
      0.2474431602388928
    ],
    [
      0.14040033583730632,
      -0.10133358060974118,
      1.0,
      0.4654725380602545,
      -0.13394630947140548,
      0.11280346772924135,
      0.1763347054640821,
      0.16952671899782606,
      0.06558013278042024,
      -0.10640742457455146,
      0.1644086835386289,
      0.1783907370305275,
      0.06865519362775283,
      0.15063144649988752,
      0.15288212261632853,
      0.2074660256925159,
      0.5346940916437628,
      0.03984030225947126,
      0.17763882150693794,
      0.10366728115184144,
      -0.01668376641452125
    ],
    [
      0.18156535819729044,
      0.1904473744890492,
      0.4654725380602545,
      1.0,
      0.18327164095889298,
      0.19121304113980542,
      0.19380690934652905,
      0.17244799156584298,
      0.19873989809195314,
      0.09617523750262122,
      0.4152001771289296,
      0.18742917091833156,
      0.1377265376486482,
      0.16113773847369792,
      0.16367670772475074,
      0.4003493059899051,
      0.026496260018967415,
      0.025382501128514673,
      0.193708307200551,
      0.1788857960639284,
      0.09974415649187382
    ],
    [
      -0.011813318520789332,
      0.9746245174590311,
      -0.13394630947140548,
      0.18327164095889298,
      1.0,
      0.05222447172126529,
      -0.01711953972516951,
      0.008197660030168795,
      0.8663004687291418,
      0.9064557939840658,
      0.20938325490664952,
      -0.044829604592785385,
      0.3189728130228588,
      0.0700790261782993,
      -0.0232850560613309,
      0.10550161894653211,
      -0.21779933154819456,
      -0.03716026879043346,
      -0.0415939866523942,
      0.2397465434362905,
      0.18161943214488027
    ],
    [
      0.814903656804687,
      0.17629968686313924,
      0.11280346772924135,
      0.19121304113980542,
      0.05222447172126529,
      1.0,
      0.7836420662971795,
      0.8500001919135983,
      0.17151394993659907,
      0.11207765295480202,
      0.7324572884027503,
      0.7707542082911346,
      0.5737928166096157,
      0.8430079100012057,
      0.7677663920623151,
      0.6463899246783582,
      0.38184152697011065,
      0.7385484888148827,
      0.7474759760649585,
      0.32514810182852255,
      0.46527774249212944
    ],
    [
      0.8181425511887523,
      0.10888875299750274,
      0.1763347054640821,
      0.19380690934652905,
      -0.01711953972516951,
      0.7836420662971795,
      1.0,
      0.9543273493185834,
      0.12149105897220938,
      0.05525346763816959,
      0.746007956024282,
      0.9716592123008972,
      0.3624458392769264,
      0.6927538712790322,
      0.9725841947065523,
      0.7123295360149206,
      0.2595606494524019,
      0.578390192355243,
      0.9695624799407755,
      0.21679334492296148,
      0.30035037629294364
    ],
    [
      0.812983040283896,
      0.14590412112940923,
      0.16952671899782606,
      0.17244799156584298,
      0.008197660030168795,
      0.8500001919135983,
      0.9543273493185834,
      1.0,
      0.1612117495028566,
      0.092497556258298,
      0.7742419003551758,
      0.9198015777952685,
      0.5311229842838344,
      0.836649060978579,
      0.9620819706224952,
      0.7025012891639555,
      0.37334280879628706,
      0.7439821448047677,
      0.9055478484973777,
      0.3364994869906428,
      0.4690788200329252
    ],
    [
      0.10477071220364785,
      0.8757845774250205,
      0.06558013278042024,
      0.19873989809195314,
      0.8663004687291418,
      0.17151394993659907,
      0.12149105897220938,
      0.1612117495028566,
      1.0,
      0.8163824359682043,
      0.2779409568258164,
      0.08381299906321873,
      0.3678452508422548,
      0.2077782984004615,
      0.11512087403268259,
      0.17263276470228509,
      0.006104172979705825,
      0.09357925448807483,
      0.08594646413577012,
      0.2700907563944566,
      0.22153255470428582
    ],
    [
      0.04195346658657112,
      0.9325671370303894,
      -0.10640742457455146,
      0.09617523750262122,
      0.9064557939840658,
      0.11207765295480202,
      0.05525346763816959,
      0.092497556258298,
      0.8163824359682043,
      1.0,
      0.22232878514840074,
      0.031096060538886573,
      0.35261401489079736,
      0.1350097471409703,
      0.05031396301105972,
      0.11952744539464887,
      -0.12676260656105467,
      0.030110861698111977,
      0.030457300657866074,
      0.25022080308106626,
      0.19796934150618134
    ],
    [
      0.6348832667511456,
      0.318140630330571,
      0.1644086835386289,
      0.4152001771289296,
      0.20938325490664952,
      0.7324572884027503,
      0.746007956024282,
      0.7742419003551758,
      0.2779409568258164,
      0.22232878514840074,
      1.0,
      0.7062727041440228,
      0.5315517060138236,
      0.7371148722716356,
      0.7096909893357263,
      0.8438226750495478,
      0.22445265077581647,
      0.5476361568606738,
      0.7085348682947256,
      0.3486876027955778,
      0.4518047905781651
    ],
    [
      0.7978274818413273,
      0.07707393954519594,
      0.1783907370305275,
      0.18742917091833156,
      -0.044829604592785385,
      0.7707542082911346,
      0.9716592123008972,
      0.9198015777952685,
      0.08381299906321873,
      0.031096060538886573,
      0.7062727041440228,
      1.0,
      0.3045741806176525,
      0.6417284839742396,
      0.9528633534093144,
      0.7005128293086955,
      0.25829293853758273,
      0.5330388377033806,
      0.9934513783948843,
      0.17254216061021263,
      0.23567912562361054
    ],
    [
      0.37260050310355075,
      0.40452534520414707,
      0.06865519362775283,
      0.1377265376486482,
      0.3189728130228588,
      0.5737928166096157,
      0.3624458392769264,
      0.5311229842838344,
      0.3678452508422548,
      0.35261401489079736,
      0.5315517060138236,
      0.3045741806176525,
      1.0,
      0.7129611424687768,
      0.3870318390989233,
      0.3869265561335253,
      0.3021644896434342,
      0.5792056070916495,
      0.28429191870847903,
      0.5981278320436815,
      0.602799777599674
    ],
    [
      0.6196507137335215,
      0.1914481276716095,
      0.15063144649988752,
      0.16113773847369792,
      0.0700790261782993,
      0.8430079100012057,
      0.6927538712790322,
      0.836649060978579,
      0.2077782984004615,
      0.1350097471409703,
      0.7371148722716356,
      0.6417284839742396,
      0.7129611424687768,
      1.0,
      0.6706218173139736,
      0.5948417736668166,
      0.5185936012277699,
      0.8425791543354756,
      0.6334399499027024,
      0.5254680426069264,
      0.6685109944338816
    ],
    [
      0.8273571170921931,
      0.10341928185291543,
      0.15288212261632853,
      0.16367670772475074,
      -0.0232850560613309,
      0.7677663920623151,
      0.9725841947065523,
      0.9620819706224952,
      0.11512087403268259,
      0.05031396301105972,
      0.7096909893357263,
      0.9528633534093144,
      0.3870318390989233,
      0.6706218173139736,
      1.0,
      0.6783929034471501,
      0.25059903454711085,
      0.6240512997843698,
      0.9365469439055444,
      0.20779314955849124,
      0.32795306594862816
    ],
    [
      0.586884469057909,
      0.2093739882222772,
      0.2074660256925159,
      0.4003493059899051,
      0.10550161894653211,
      0.6463899246783582,
      0.7123295360149206,
      0.7025012891639555,
      0.17263276470228509,
      0.11952744539464887,
      0.8438226750495478,
      0.7005128293086955,
      0.3869265561335253,
      0.5948417736668166,
      0.6783929034471501,
      1.0,
      0.19757835039862762,
      0.4131803944148944,
      0.7004074845158913,
      0.2538706463927409,
      0.30516915636213165
    ],
    [
      0.2391910816108858,
      -0.14033856442032958,
      0.5346940916437628,
      0.026496260018967415,
      -0.21779933154819456,
      0.38184152697011065,
      0.2595606494524019,
      0.37334280879628706,
      0.006104172979705825,
      -0.12676260656105467,
      0.22445265077581647,
      0.25829293853758273,
      0.3021644896434342,
      0.5185936012277699,
      0.25059903454711085,
      0.19757835039862762,
      1.0,
      0.39666576124272857,
      0.24285532236625135,
      0.26665606616946574,
      0.2288702357437902
    ],
    [
      0.5974543922821118,
      0.06667234632413123,
      0.03984030225947126,
      0.025382501128514673,
      -0.03716026879043346,
      0.7385484888148827,
      0.578390192355243,
      0.7439821448047677,
      0.09357925448807483,
      0.030110861698111977,
      0.5476361568606738,
      0.5330388377033806,
      0.5792056070916495,
      0.8425791543354756,
      0.6240512997843698,
      0.4131803944148944,
      0.39666576124272857,
      1.0,
      0.5034215861820172,
      0.35225743340800597,
      0.5060789244497033
    ],
    [
      0.7718782893673944,
      0.07718676060393631,
      0.17763882150693794,
      0.193708307200551,
      -0.0415939866523942,
      0.7474759760649585,
      0.9695624799407755,
      0.9055478484973777,
      0.08594646413577012,
      0.030457300657866074,
      0.7085348682947256,
      0.9934513783948843,
      0.28429191870847903,
      0.6334399499027024,
      0.9365469439055444,
      0.7004074845158913,
      0.24285532236625135,
      0.5034215861820172,
      1.0,
      0.16891769358523143,
      0.2231083822883932
    ],
    [
      0.18905301855460754,
      0.2784206117228099,
      0.10366728115184144,
      0.1788857960639284,
      0.2397465434362905,
      0.32514810182852255,
      0.21679334492296148,
      0.3364994869906428,
      0.2700907563944566,
      0.25022080308106626,
      0.3486876027955778,
      0.17254216061021263,
      0.5981278320436815,
      0.5254680426069264,
      0.20779314955849124,
      0.2538706463927409,
      0.26665606616946574,
      0.35225743340800597,
      0.16891769358523143,
      1.0,
      0.37628230370631344
    ],
    [
      0.31104250139878775,
      0.2474431602388928,
      -0.01668376641452125,
      0.09974415649187382,
      0.18161943214488027,
      0.46527774249212944,
      0.30035037629294364,
      0.4690788200329252,
      0.22153255470428582,
      0.19796934150618134,
      0.4518047905781651,
      0.23567912562361054,
      0.602799777599674,
      0.6685109944338816,
      0.32795306594862816,
      0.30516915636213165,
      0.2288702357437902,
      0.5060789244497033,
      0.2231083822883932,
      0.37628230370631344,
      1.0
    ]
  ],
  "generated_at": "2026-07-15T21:50:53.522346Z",
  "synthetic": false
}