{
  "tickers": [
    "ARKK",
    "BND",
    "DJP",
    "GLD",
    "IEF",
    "IWM",
    "QQQ",
    "SPY",
    "TIP",
    "TLT",
    "VEA",
    "VGT",
    "VNQ",
    "VTV",
    "VUG",
    "VWO",
    "XLE",
    "XLF",
    "XLK",
    "XLU",
    "XLV"
  ],
  "matrix": [
    [
      1.0,
      0.09082367569580695,
      0.14055854907528756,
      0.1755513038815624,
      -0.017696852474056488,
      0.8075257410023988,
      0.8137961427180551,
      0.8119477261648005,
      0.1013012886177169,
      0.03964590007365279,
      0.6287405830426585,
      0.795337141319474,
      0.3786570128744328,
      0.6230171420906633,
      0.823727639616818,
      0.5819271517111333,
      0.25401759494726384,
      0.6000298971638698,
      0.7678511867581366,
      0.19269357252045283,
      0.3236221662666848
    ],
    [
      0.09082367569580695,
      1.0,
      -0.09001030877215575,
      0.18836091009390096,
      0.9747315109669629,
      0.17877339342110493,
      0.09591989048506777,
      0.1404056078351295,
      0.876367342524906,
      0.9334743951913819,
      0.3138914791520212,
      0.06611623422361769,
      0.4166183491590721,
      0.19694892254328986,
      0.09301497147742267,
      0.2054004709203636,
      -0.12846225060036848,
      0.06465130175341033,
      0.0637193913773563,
      0.296396991648755,
      0.2649233742862279
    ],
    [
      0.14055854907528756,
      -0.09001030877215575,
      1.0,
      0.47873958224748625,
      -0.1244958235177279,
      0.11367439947040411,
      0.17878458490209964,
      0.17056435787493746,
      0.07280107088820284,
      -0.09556607668490948,
      0.1717091138765689,
      0.17920221749085988,
      0.07376858551359118,
      0.1548438840755015,
      0.152547339908329,
      0.21320499202310675,
      0.5292136628383179,
      0.03671043725875075,
      0.17952954743026978,
      0.11432357267280657,
      -0.007356728432635093
    ],
    [
      0.1755513038815624,
      0.18836091009390096,
      0.47873958224748625,
      1.0,
      0.1825361133629164,
      0.19321764798279334,
      0.18073774112526014,
      0.16665689476568415,
      0.19950728068830884,
      0.09795644985087733,
      0.4078224270720545,
      0.1758990016958204,
      0.14972476956782388,
      0.16573113108503026,
      0.15347272517811822,
      0.39463860146873564,
      0.041832308170062144,
      0.02747463179222731,
      0.1795557438906173,
      0.18853844577228018,
      0.11381255924236504
    ],
    [
      -0.017696852474056488,
      0.9747315109669629,
      -0.1244958235177279,
      0.1825361133629164,
      1.0,
      0.05758973974926054,
      -0.029449920503176522,
      0.0031309478384639504,
      0.8670056563105787,
      0.9069762827651442,
      0.2053009444261764,
      -0.05525521035426861,
      0.331970432293516,
      0.07627293508940806,
      -0.033248754102054134,
      0.10080457912826236,
      -0.2069135945731973,
      -0.03891653344420293,
      -0.05454884619766251,
      0.25657679218314533,
      0.1977449618859274
    ],
    [
      0.8075257410023988,
      0.17877339342110493,
      0.11367439947040411,
      0.19321764798279334,
      0.05758973974926054,
      1.0,
      0.7628589583279458,
      0.8353292485108852,
      0.1750705456600754,
      0.11854258236960179,
      0.7236124908553725,
      0.7555303432047961,
      0.5865934636296943,
      0.8437251590507188,
      0.7462868950090606,
      0.6408303196660227,
      0.39774913120829924,
      0.7372232905746772,
      0.729152708843837,
      0.32981672047541727,
      0.47349051574855316
    ],
    [
      0.8137961427180551,
      0.09591989048506777,
      0.17878458490209964,
      0.18073774112526014,
      -0.029449920503176522,
      0.7628589583279458,
      1.0,
      0.9554095638147814,
      0.11388420847282521,
      0.04645874371924992,
      0.7398032484752418,
      0.9713125945007341,
      0.3608897323182807,
      0.6913741739054914,
      0.9738640278800454,
      0.7038038803139822,
      0.27179776152258456,
      0.577662468907362,
      0.9693550969901348,
      0.21851195438410181,
      0.3141450389585192
    ],
    [
      0.8119477261648005,
      0.1404056078351295,
      0.17056435787493746,
      0.16665689476568415,
      0.0031309478384639504,
      0.8353292485108852,
      0.9554095638147814,
      1.0,
      0.15878585372461715,
      0.08997966987183321,
      0.7730947420570375,
      0.9216574587892246,
      0.528460211228096,
      0.8359673828506413,
      0.9616252136621439,
      0.6997026977819483,
      0.38283830524134016,
      0.7426360481075256,
      0.9077672689961579,
      0.33740598855009246,
      0.47918344263382306
    ],
    [
      0.1013012886177169,
      0.876367342524906,
      0.07280107088820284,
      0.19950728068830884,
      0.8670056563105787,
      0.1750705456600754,
      0.11388420847282521,
      0.15878585372461715,
      1.0,
      0.8160778057570158,
      0.2760854783416554,
      0.07738802368844896,
      0.3779701395498035,
      0.21226168360645709,
      0.10951231274585135,
      0.16756718216714456,
      0.015309397563181015,
      0.0931379641068329,
      0.07714393104756548,
      0.2801294536756996,
      0.23574677311295206
    ],
    [
      0.03964590007365279,
      0.9334743951913819,
      -0.09556607668490948,
      0.09795644985087733,
      0.9069762827651442,
      0.11854258236960179,
      0.04645874371924992,
      0.08997966987183321,
      0.8160778057570158,
      1.0,
      0.22243377541237735,
      0.023863265493237865,
      0.3626647973335337,
      0.14161711462508886,
      0.0434608957277606,
      0.11834691820541389,
      -0.11870299118198542,
      0.029465402351583098,
      0.020977241924912595,
      0.26638517408038337,
      0.2126094492640904
    ],
    [
      0.6287405830426585,
      0.3138914791520212,
      0.1717091138765689,
      0.4078224270720545,
      0.2053009444261764,
      0.7236124908553725,
      0.7398032484752418,
      0.7730947420570375,
      0.2760854783416554,
      0.22243377541237735,
      1.0,
      0.7021981440819784,
      0.5412641628542236,
      0.7427344174172833,
      0.7043950362192882,
      0.841342833990275,
      0.2424299842874707,
      0.5467767387379486,
      0.703577215233207,
      0.3641757764406049,
      0.47420992517597627
    ],
    [
      0.795337141319474,
      0.06611623422361769,
      0.17920221749085988,
      0.1758990016958204,
      -0.05525521035426861,
      0.7555303432047961,
      0.9713125945007341,
      0.9216574587892246,
      0.07738802368844896,
      0.023863265493237865,
      0.7021981440819784,
      1.0,
      0.3073908258197681,
      0.6433530348751211,
      0.9537015177701799,
      0.6938612723635426,
      0.2701958641935705,
      0.535437851183522,
      0.9933691299220694,
      0.17560047437871132,
      0.2495824281686964
    ],
    [
      0.3786570128744328,
      0.4166183491590721,
      0.07376858551359118,
      0.14972476956782388,
      0.331970432293516,
      0.5865934636296943,
      0.3608897323182807,
      0.528460211228096,
      0.3779701395498035,
      0.3626647973335337,
      0.5412641628542236,
      0.3073908258197681,
      1.0,
      0.7145039313611404,
      0.3820084460622524,
      0.40097551273048954,
      0.306481737816021,
      0.5794748561570007,
      0.28550633476131626,
      0.5952654266313518,
      0.6008396933376347
    ],
    [
      0.6230171420906633,
      0.19694892254328986,
      0.1548438840755015,
      0.16573113108503026,
      0.07627293508940806,
      0.8437251590507188,
      0.6913741739054914,
      0.8359673828506413,
      0.21226168360645709,
      0.14161711462508886,
      0.7427344174172833,
      0.6433530348751211,
      0.7145039313611404,
      1.0,
      0.6683799447498009,
      0.60181513969097,
      0.5277966890558405,
      0.843493461570582,
      0.6335274825012978,
      0.5235660962672568,
      0.673639420270276
    ],
    [
      0.823727639616818,
      0.09301497147742267,
      0.152547339908329,
      0.15347272517811822,
      -0.033248754102054134,
      0.7462868950090606,
      0.9738640278800454,
      0.9616252136621439,
      0.10951231274585135,
      0.0434608957277606,
      0.7043950362192882,
      0.9537015177701799,
      0.3820084460622524,
      0.6683799447498009,
      1.0,
      0.6705535676021522,
      0.25854523978983657,
      0.6212629420803776,
      0.9384632903590168,
      0.20888680511421245,
      0.3388376162511066
    ],
    [
      0.5819271517111333,
      0.2054004709203636,
      0.21320499202310675,
      0.39463860146873564,
      0.10080457912826236,
      0.6408303196660227,
      0.7038038803139822,
      0.6997026977819483,
      0.16756718216714456,
      0.11834691820541389,
      0.841342833990275,
      0.6938612723635426,
      0.40097551273048954,
      0.60181513969097,
      0.6705535676021522,
      1.0,
      0.21425916063799333,
      0.41551753180869677,
      0.6930083560328788,
      0.27296122751726526,
      0.3267194740461229
    ],
    [
      0.25401759494726384,
      -0.12846225060036848,
      0.5292136628383179,
      0.041832308170062144,
      -0.2069135945731973,
      0.39774913120829924,
      0.27179776152258456,
      0.38283830524134016,
      0.015309397563181015,
      -0.11870299118198542,
      0.2424299842874707,
      0.2701958641935705,
      0.306481737816021,
      0.5277966890558405,
      0.25854523978983657,
      0.21425916063799333,
      1.0,
      0.40914310010902605,
      0.255406769064107,
      0.2583799512241592,
      0.2282154957767867
    ],
    [
      0.6000298971638698,
      0.06465130175341033,
      0.03671043725875075,
      0.02747463179222731,
      -0.03891653344420293,
      0.7372232905746772,
      0.577662468907362,
      0.7426360481075256,
      0.0931379641068329,
      0.029465402351583098,
      0.5467767387379486,
      0.535437851183522,
      0.5794748561570007,
      0.843493461570582,
      0.6212629420803776,
      0.41551753180869677,
      0.40914310010902605,
      1.0,
      0.5049308099859763,
      0.3495452914794509,
      0.5118889684286053
    ],
    [
      0.7678511867581366,
      0.0637193913773563,
      0.17952954743026978,
      0.1795557438906173,
      -0.05454884619766251,
      0.729152708843837,
      0.9693550969901348,
      0.9077672689961579,
      0.07714393104756548,
      0.020977241924912595,
      0.703577215233207,
      0.9933691299220694,
      0.28550633476131626,
      0.6335274825012978,
      0.9384632903590168,
      0.6930083560328788,
      0.255406769064107,
      0.5049308099859763,
      1.0,
      0.17176575805920485,
      0.2366176926983752
    ],
    [
      0.19269357252045283,
      0.296396991648755,
      0.11432357267280657,
      0.18853844577228018,
      0.25657679218314533,
      0.32981672047541727,
      0.21851195438410181,
      0.33740598855009246,
      0.2801294536756996,
      0.26638517408038337,
      0.3641757764406049,
      0.17560047437871132,
      0.5952654266313518,
      0.5235660962672568,
      0.20888680511421245,
      0.27296122751726526,
      0.2583799512241592,
      0.3495452914794509,
      0.17176575805920485,
      1.0,
      0.37771171773769724
    ],
    [
      0.3236221662666848,
      0.2649233742862279,
      -0.007356728432635093,
      0.11381255924236504,
      0.1977449618859274,
      0.47349051574855316,
      0.3141450389585192,
      0.47918344263382306,
      0.23574677311295206,
      0.2126094492640904,
      0.47420992517597627,
      0.2495824281686964,
      0.6008396933376347,
      0.673639420270276,
      0.3388376162511066,
      0.3267194740461229,
      0.2282154957767867,
      0.5118889684286053,
      0.2366176926983752,
      0.37771171773769724,
      1.0
    ]
  ],
  "generated_at": "2026-07-03T21:58:41.038311Z",
  "synthetic": false
}