{
  "tickers": [
    "ARKK",
    "BND",
    "DJP",
    "GLD",
    "IEF",
    "IWM",
    "QQQ",
    "SPY",
    "TIP",
    "TLT",
    "VEA",
    "VGT",
    "VNQ",
    "VTV",
    "VUG",
    "VWO",
    "XLE",
    "XLF",
    "XLK",
    "XLU",
    "XLV"
  ],
  "matrix": [
    [
      1.0,
      0.09488857472259718,
      0.1376940317722331,
      0.18234020171440896,
      -0.013917858417149848,
      0.8124184235923888,
      0.8206515238464421,
      0.8127633497358319,
      0.10171715185192755,
      0.03831129962592244,
      0.6350025313365044,
      0.8003425377323597,
      0.3633737850296096,
      0.6161071348822077,
      0.8290164784781551,
      0.5871563414417283,
      0.23752785185321673,
      0.5962695232261748,
      0.7755483173207389,
      0.18820384156998726,
      0.29937733749470535
    ],
    [
      0.09488857472259718,
      1.0,
      -0.10206538992418315,
      0.19000989480005628,
      0.9745808070196266,
      0.17440497766643823,
      0.1094879846038731,
      0.14522271867327818,
      0.8749608664945141,
      0.9324167192294294,
      0.3168578498337277,
      0.07791647577552663,
      0.40085644826355954,
      0.18919181407554836,
      0.10345967427872131,
      0.2081358060075154,
      -0.14045531534657482,
      0.0638713458842363,
      0.0787254542463261,
      0.27783352710678405,
      0.24247630456679195
    ],
    [
      0.1376940317722331,
      -0.10206538992418315,
      1.0,
      0.4671029685254497,
      -0.13374842731255715,
      0.10839812624047566,
      0.17338006959187416,
      0.16524106825386609,
      0.0675572013990093,
      -0.10667996682170038,
      0.16274103444714635,
      0.17694768167137212,
      0.061787644200990935,
      0.14532952309705302,
      0.1491238994688933,
      0.20200635733736336,
      0.5346897635104199,
      0.035254835301096084,
      0.17691373356183135,
      0.0999257978966336,
      -0.026945189033852405
    ],
    [
      0.18234020171440896,
      0.19000989480005628,
      0.4671029685254497,
      1.0,
      0.1833172638940359,
      0.18901302859971217,
      0.19395673405889874,
      0.1709582359897662,
      0.19976012525687492,
      0.09574518669402093,
      0.41543908603728463,
      0.1882527463696445,
      0.13022756987023204,
      0.15740535694362445,
      0.16317369210777624,
      0.3984002477238804,
      0.02619721276964215,
      0.023064121671577318,
      0.19513490385944762,
      0.17606055024566558,
      0.09090391429268829
    ],
    [
      -0.013917858417149848,
      0.9745808070196266,
      -0.13374842731255715,
      0.1833172638940359,
      1.0,
      0.050036099792215315,
      -0.017168922272039696,
      0.007056553062753746,
      0.8657656210740636,
      0.9063295520644609,
      0.2082128919186058,
      -0.04463168705682366,
      0.31523010825867237,
      0.06764125990833471,
      -0.02388761657613781,
      0.10403090005886065,
      -0.21771613258556988,
      -0.04000807521174418,
      -0.04077166556264481,
      0.2387803793842705,
      0.17656027197693494
    ],
    [
      0.8124184235923888,
      0.17440497766643823,
      0.10839812624047566,
      0.18901302859971217,
      0.050036099792215315,
      1.0,
      0.7837885060252954,
      0.8496675554165493,
      0.1685518472400338,
      0.1091163370068374,
      0.731037402607707,
      0.7712642781680422,
      0.5712555464027607,
      0.8431267650140473,
      0.7674379200351154,
      0.6443608932768581,
      0.3831467666659251,
      0.7395052349148752,
      0.7486196095360321,
      0.32582139410837363,
      0.46070202937655175
    ],
    [
      0.8206515238464421,
      0.1094879846038731,
      0.17338006959187416,
      0.19395673405889874,
      -0.017168922272039696,
      0.7837885060252954,
      1.0,
      0.9544763297005185,
      0.12004443327437976,
      0.053719167669169454,
      0.7479033442994717,
      0.9712859941880806,
      0.35868560348970924,
      0.6940690623781167,
      0.9725055663990273,
      0.7126333753621709,
      0.2596283278764444,
      0.5831156505799973,
      0.9693423454452842,
      0.21734890090906342,
      0.2967652718403521
    ],
    [
      0.8127633497358319,
      0.14522271867327818,
      0.16524106825386609,
      0.1709582359897662,
      0.007056553062753746,
      0.8496675554165493,
      0.9544763297005185,
      1.0,
      0.1586008252503214,
      0.09024430807409756,
      0.7741311289455589,
      0.9197772314258218,
      0.5278597773288863,
      0.8372418726789607,
      0.9621857020739529,
      0.7019047156152446,
      0.3733433353857224,
      0.746847577117222,
      0.9058518854910576,
      0.3372693184340667,
      0.4658683024966923
    ],
    [
      0.10171715185192755,
      0.8749608664945141,
      0.0675572013990093,
      0.19976012525687492,
      0.8657656210740636,
      0.1685518472400338,
      0.12004443327437976,
      0.1586008252503214,
      1.0,
      0.8159019568450216,
      0.2759648677408045,
      0.08341621347787666,
      0.3626089114549283,
      0.2040576612385066,
      0.11304250205487125,
      0.16874929209786402,
      0.007167077758079346,
      0.08954617026950203,
      0.08619417578483118,
      0.267644990632499,
      0.21451312851786247
    ],
    [
      0.03831129962592244,
      0.9324167192294294,
      -0.10667996682170038,
      0.09574518669402093,
      0.9063295520644609,
      0.1091163370068374,
      0.053719167669169454,
      0.09024430807409756,
      0.8159019568450216,
      1.0,
      0.22009052810513674,
      0.030062387951761495,
      0.3494496150104773,
      0.13237974726258528,
      0.048237463626552596,
      0.11643173125784965,
      -0.1259979340867858,
      0.026971469071308363,
      0.030040049074215442,
      0.24917147391199945,
      0.19287028064940928
    ],
    [
      0.6350025313365044,
      0.3168578498337277,
      0.16274103444714635,
      0.41543908603728463,
      0.2082128919186058,
      0.731037402607707,
      0.7479033442994717,
      0.7741311289455589,
      0.2759648677408045,
      0.22009052810513674,
      1.0,
      0.7083078693770317,
      0.5237572352858775,
      0.7345299796371241,
      0.7109544200458108,
      0.8434657836650089,
      0.22316738806118053,
      0.5468691506541381,
      0.7114095341247356,
      0.3477311105957029,
      0.44356820551900344
    ],
    [
      0.8003425377323597,
      0.07791647577552663,
      0.17694768167137212,
      0.1882527463696445,
      -0.04463168705682366,
      0.7712642781680422,
      0.9712859941880806,
      0.9197772314258218,
      0.08341621347787666,
      0.030062387951761495,
      0.7083078693770317,
      1.0,
      0.3013504875799354,
      0.6431493645687729,
      0.9524307901043058,
      0.6999356745729048,
      0.25941878301941435,
      0.5375285235504423,
      0.9935007546021377,
      0.17256139107477503,
      0.23201627425422558
    ],
    [
      0.3633737850296096,
      0.40085644826355954,
      0.061787644200990935,
      0.13022756987023204,
      0.31523010825867237,
      0.5712555464027607,
      0.35868560348970924,
      0.5278597773288863,
      0.3626089114549283,
      0.3494496150104773,
      0.5237572352858775,
      0.3013504875799354,
      1.0,
      0.7115426369245447,
      0.38352706544294507,
      0.3812059206050154,
      0.3026905847960823,
      0.5760277372055341,
      0.28115738241599686,
      0.5975323682809729,
      0.6058319806012692
    ],
    [
      0.6161071348822077,
      0.18919181407554836,
      0.14532952309705302,
      0.15740535694362445,
      0.06764125990833471,
      0.8431267650140473,
      0.6940690623781167,
      0.8372418726789607,
      0.2040576612385066,
      0.13237974726258528,
      0.7345299796371241,
      0.6431493645687729,
      0.7115426369245447,
      1.0,
      0.6717606693181363,
      0.5937424274059172,
      0.5183347230333518,
      0.8423223410564459,
      0.6353758582249163,
      0.5264431367891613,
      0.6675614067132561
    ],
    [
      0.8290164784781551,
      0.10345967427872131,
      0.1491238994688933,
      0.16317369210777624,
      -0.02388761657613781,
      0.7674379200351154,
      0.9725055663990273,
      0.9621857020739529,
      0.11304250205487125,
      0.048237463626552596,
      0.7109544200458108,
      0.9524307901043058,
      0.38352706544294507,
      0.6717606693181363,
      1.0,
      0.6783636140880666,
      0.2508170663756444,
      0.6285219657319908,
      0.9363167140575082,
      0.2085102899375186,
      0.32408801733526027
    ],
    [
      0.5871563414417283,
      0.2081358060075154,
      0.20200635733736336,
      0.3984002477238804,
      0.10403090005886065,
      0.6443608932768581,
      0.7126333753621709,
      0.7019047156152446,
      0.16874929209786402,
      0.11643173125784965,
      0.8434657836650089,
      0.6999356745729048,
      0.3812059206050154,
      0.5937424274059172,
      0.6783636140880666,
      1.0,
      0.19562706173379568,
      0.4150378818528412,
      0.7004382789487182,
      0.2544415485401316,
      0.29936999702256817
    ],
    [
      0.23752785185321673,
      -0.14045531534657482,
      0.5346897635104199,
      0.02619721276964215,
      -0.21771613258556988,
      0.3831467666659251,
      0.2596283278764444,
      0.3733433353857224,
      0.007167077758079346,
      -0.1259979340867858,
      0.22316738806118053,
      0.25941878301941435,
      0.3026905847960823,
      0.5183347230333518,
      0.2508170663756444,
      0.19562706173379568,
      1.0,
      0.39529429829078305,
      0.24381398440732907,
      0.26585817394240396,
      0.2305325086564301
    ],
    [
      0.5962695232261748,
      0.0638713458842363,
      0.035254835301096084,
      0.023064121671577318,
      -0.04000807521174418,
      0.7395052349148752,
      0.5831156505799973,
      0.746847577117222,
      0.08954617026950203,
      0.026971469071308363,
      0.5468691506541381,
      0.5375285235504423,
      0.5760277372055341,
      0.8423223410564459,
      0.6285219657319908,
      0.4150378818528412,
      0.39529429829078305,
      1.0,
      0.5086471100424217,
      0.35342170781549476,
      0.502876559898004
    ],
    [
      0.7755483173207389,
      0.0787254542463261,
      0.17691373356183135,
      0.19513490385944762,
      -0.04077166556264481,
      0.7486196095360321,
      0.9693423454452842,
      0.9058518854910576,
      0.08619417578483118,
      0.030040049074215442,
      0.7114095341247356,
      0.9935007546021377,
      0.28115738241599686,
      0.6353758582249163,
      0.9363167140575082,
      0.7004382789487182,
      0.24381398440732907,
      0.5086471100424217,
      1.0,
      0.16893364584503723,
      0.22032046817869191
    ],
    [
      0.18820384156998726,
      0.27783352710678405,
      0.0999257978966336,
      0.17606055024566558,
      0.2387803793842705,
      0.32582139410837363,
      0.21734890090906342,
      0.3372693184340667,
      0.267644990632499,
      0.24917147391199945,
      0.3477311105957029,
      0.17256139107477503,
      0.5975323682809729,
      0.5264431367891613,
      0.2085102899375186,
      0.2544415485401316,
      0.26585817394240396,
      0.35342170781549476,
      0.16893364584503723,
      1.0,
      0.3782575234917752
    ],
    [
      0.29937733749470535,
      0.24247630456679195,
      -0.026945189033852405,
      0.09090391429268829,
      0.17656027197693494,
      0.46070202937655175,
      0.2967652718403521,
      0.4658683024966923,
      0.21451312851786247,
      0.19287028064940928,
      0.44356820551900344,
      0.23201627425422558,
      0.6058319806012692,
      0.6675614067132561,
      0.32408801733526027,
      0.29936999702256817,
      0.2305325086564301,
      0.502876559898004,
      0.22032046817869191,
      0.3782575234917752,
      1.0
    ]
  ],
  "generated_at": "2026-07-17T21:43:16.628979Z",
  "synthetic": false
}