{
  "tickers": [
    "ARKK",
    "BND",
    "DJP",
    "GLD",
    "IEF",
    "IWM",
    "QQQ",
    "SPY",
    "TIP",
    "TLT",
    "VEA",
    "VGT",
    "VNQ",
    "VTV",
    "VUG",
    "VWO",
    "XLE",
    "XLF",
    "XLK",
    "XLU",
    "XLV"
  ],
  "matrix": [
    [
      1.0,
      0.09304556075101757,
      0.13960382769429996,
      0.18566900992372953,
      -0.015049647789503703,
      0.812673557705721,
      0.8213684742711742,
      0.8129342865565555,
      0.1009400742794264,
      0.038229640791803625,
      0.6362110670005288,
      0.8012581255232583,
      0.3618191468187701,
      0.6170794168363792,
      0.8288485282981137,
      0.5887246397625514,
      0.23963662102681893,
      0.5956991939826515,
      0.7769209293084794,
      0.18670820834102794,
      0.2998142509399766
    ],
    [
      0.09304556075101757,
      1.0,
      -0.10673938709303925,
      0.18562552064721635,
      0.9746041251120551,
      0.1731254572067956,
      0.10626673715451945,
      0.1434312020544936,
      0.8750888791967663,
      0.9323073133892673,
      0.3137442110049212,
      0.07441862442567108,
      0.4019215766797735,
      0.18713848122059307,
      0.10187724352673673,
      0.2038684737828642,
      -0.14368630777983937,
      0.06284901770653724,
      0.07458999087535133,
      0.27938316327003,
      0.2443353506745071
    ],
    [
      0.13960382769429996,
      -0.10673938709303925,
      1.0,
      0.4672199223362906,
      -0.1378531699478133,
      0.1079237678871379,
      0.17322660185080027,
      0.1639687675610606,
      0.06390721469426593,
      -0.10942294991223443,
      0.16323632535232807,
      0.176747819079921,
      0.05952536289235117,
      0.14407029300644286,
      0.14795046636075865,
      0.20204425313391658,
      0.5356179431799089,
      0.03211420650235475,
      0.17644161630183353,
      0.09842982165056852,
      -0.025579719037941755
    ],
    [
      0.18566900992372953,
      0.18562552064721635,
      0.4672199223362906,
      1.0,
      0.17939935316331596,
      0.19079797021411488,
      0.1954132282016891,
      0.17130396900938916,
      0.19586168561709363,
      0.09317378892866904,
      0.41741983860482434,
      0.18986738203850553,
      0.13011680558653307,
      0.15743537959587664,
      0.16378425208513123,
      0.39922908708732024,
      0.025530002360727392,
      0.02096053075221221,
      0.1968398637265572,
      0.17630676554856317,
      0.09411179212824226
    ],
    [
      -0.015049647789503703,
      0.9746041251120551,
      -0.1378531699478133,
      0.17939935316331596,
      1.0,
      0.04935247424066732,
      -0.0197030570693632,
      0.005692676904823012,
      0.8658530783033664,
      0.9062965311699169,
      0.20605755317912927,
      -0.047386846093252354,
      0.3165751474736684,
      0.06608726343274332,
      -0.025086109386777113,
      0.10046652837233076,
      -0.22083869260651645,
      -0.04086418276436808,
      -0.04406759006835533,
      0.2405278139850339,
      0.1788001774832186
    ],
    [
      0.812673557705721,
      0.1731254572067956,
      0.1079237678871379,
      0.19079797021411488,
      0.04935247424066732,
      1.0,
      0.7835475005334409,
      0.8494943743616311,
      0.16840166044553587,
      0.1095113093204527,
      0.731232475592091,
      0.7709770079146739,
      0.5699404009753519,
      0.843683148884447,
      0.7668056406132678,
      0.6445633862042378,
      0.3847104151890092,
      0.7390453138695728,
      0.7483197103412663,
      0.3246337641252659,
      0.4617467026231739
    ],
    [
      0.8213684742711742,
      0.10626673715451945,
      0.17322660185080027,
      0.1954132282016891,
      -0.0197030570693632,
      0.7835475005334409,
      1.0,
      0.954109048445506,
      0.11801356573576219,
      0.05243060922156631,
      0.7478343945548881,
      0.971293503171796,
      0.3566051828506538,
      0.693837246963245,
      0.9721395979680266,
      0.7130211356785938,
      0.2611005114391309,
      0.5815155991885791,
      0.9693920899853518,
      0.21561765274172157,
      0.2974327960002916
    ],
    [
      0.8129342865565555,
      0.1434312020544936,
      0.1639687675610606,
      0.17130396900938916,
      0.005692676904823012,
      0.8494943743616311,
      0.954109048445506,
      1.0,
      0.1577264571728455,
      0.08980109570306355,
      0.7734183715246652,
      0.9192769318850694,
      0.5267801690582684,
      0.8371700605494561,
      0.9621412648484414,
      0.7015095037420663,
      0.37429157953997605,
      0.7462357566507629,
      0.9051887473711021,
      0.3363710629007747,
      0.46668748925866343
    ],
    [
      0.1009400742794264,
      0.8750888791967663,
      0.06390721469426593,
      0.19586168561709363,
      0.8658530783033664,
      0.16840166044553587,
      0.11801356573576219,
      0.1577264571728455,
      1.0,
      0.8158978320688355,
      0.2741565112912604,
      0.08120684317917523,
      0.364472445105095,
      0.20265188699562972,
      0.1124899053851638,
      0.16554813662444479,
      0.0038409614612423476,
      0.08880658300431694,
      0.08354748766724415,
      0.269766786991317,
      0.21698257141285718
    ],
    [
      0.038229640791803625,
      0.9323073133892673,
      -0.10942294991223443,
      0.09317378892866904,
      0.9062965311699169,
      0.1095113093204527,
      0.05243060922156631,
      0.08980109570306355,
      0.8158978320688355,
      1.0,
      0.21948055862571875,
      0.028683500784949363,
      0.35112438306220084,
      0.1318444749008015,
      0.047873163342879,
      0.114214381481026,
      -0.1285769064718506,
      0.02658393333893122,
      0.028389075553532515,
      0.25103654301860434,
      0.19562361088061336
    ],
    [
      0.6362110670005288,
      0.3137442110049212,
      0.16323632535232807,
      0.41741983860482434,
      0.20605755317912927,
      0.731232475592091,
      0.7478343945548881,
      0.7734183715246652,
      0.2741565112912604,
      0.21948055862571875,
      1.0,
      0.7084640085391279,
      0.5220051949660183,
      0.7346729748152295,
      0.7099117667575814,
      0.8433395138538247,
      0.2241919499770427,
      0.5451393297117796,
      0.7118382043850878,
      0.34639058456792543,
      0.445407291840708
    ],
    [
      0.8012581255232583,
      0.07441862442567108,
      0.176747819079921,
      0.18986738203850553,
      -0.047386846093252354,
      0.7709770079146739,
      0.971293503171796,
      0.9192769318850694,
      0.08120684317917523,
      0.028683500784949363,
      0.7084640085391279,
      1.0,
      0.2989897088169663,
      0.6429031228702051,
      0.951893323726436,
      0.7004113802944967,
      0.26104280728598395,
      0.5356738301775125,
      0.9935313903878872,
      0.17063465657093072,
      0.23288267498648457
    ],
    [
      0.3618191468187701,
      0.4019215766797735,
      0.05952536289235117,
      0.13011680558653307,
      0.3165751474736684,
      0.5699404009753519,
      0.3566051828506538,
      0.5267801690582684,
      0.364472445105095,
      0.35112438306220084,
      0.5220051949660183,
      0.2989897088169663,
      1.0,
      0.7113693846079807,
      0.38182176338503987,
      0.37952166313997393,
      0.3033026966215426,
      0.5761483438128293,
      0.27838987255202785,
      0.5972585582065328,
      0.6060062690966074
    ],
    [
      0.6170794168363792,
      0.18713848122059307,
      0.14407029300644286,
      0.15743537959587664,
      0.06608726343274332,
      0.843683148884447,
      0.693837246963245,
      0.8371700605494561,
      0.20265188699562972,
      0.1318444749008015,
      0.7346729748152295,
      0.6429031228702051,
      0.7113693846079807,
      1.0,
      0.6715439095576021,
      0.5932562625903742,
      0.5182721623305522,
      0.8415052437520046,
      0.6350630408913599,
      0.5264386345748215,
      0.669578977067096
    ],
    [
      0.8288485282981137,
      0.10187724352673673,
      0.14795046636075865,
      0.16378425208513123,
      -0.025086109386777113,
      0.7668056406132678,
      0.9721395979680266,
      0.9621412648484414,
      0.1124899053851638,
      0.047873163342879,
      0.7099117667575814,
      0.951893323726436,
      0.38182176338503987,
      0.6715439095576021,
      1.0,
      0.6781076970218691,
      0.2522047278868049,
      0.6279204255950871,
      0.9355703594002185,
      0.2070063690185202,
      0.32409522951627706
    ],
    [
      0.5887246397625514,
      0.2038684737828642,
      0.20204425313391658,
      0.39922908708732024,
      0.10046652837233076,
      0.6445633862042378,
      0.7130211356785938,
      0.7015095037420663,
      0.16554813662444479,
      0.114214381481026,
      0.8433395138538247,
      0.7004113802944967,
      0.37952166313997393,
      0.5932562625903742,
      0.6781076970218691,
      1.0,
      0.19641255074203792,
      0.41294343552103546,
      0.7010048982024549,
      0.25310580634202684,
      0.300485173835929
    ],
    [
      0.23963662102681893,
      -0.14368630777983937,
      0.5356179431799089,
      0.025530002360727392,
      -0.22083869260651645,
      0.3847104151890092,
      0.2611005114391309,
      0.37429157953997605,
      0.0038409614612423476,
      -0.1285769064718506,
      0.2241919499770427,
      0.26104280728598395,
      0.3033026966215426,
      0.5182721623305522,
      0.2522047278868049,
      0.19641255074203792,
      1.0,
      0.39458343236677107,
      0.2455903321164974,
      0.2664103055908985,
      0.23174488043537386
    ],
    [
      0.5956991939826515,
      0.06284901770653724,
      0.03211420650235475,
      0.02096053075221221,
      -0.04086418276436808,
      0.7390453138695728,
      0.5815155991885791,
      0.7462357566507629,
      0.08880658300431694,
      0.02658393333893122,
      0.5451393297117796,
      0.5356738301775125,
      0.5761483438128293,
      0.8415052437520046,
      0.6279204255950871,
      0.41294343552103546,
      0.39458343236677107,
      1.0,
      0.5063303844599185,
      0.3537155150047502,
      0.5042136508306585
    ],
    [
      0.7769209293084794,
      0.07458999087535133,
      0.17644161630183353,
      0.1968398637265572,
      -0.04406759006835533,
      0.7483197103412663,
      0.9693920899853518,
      0.9051887473711021,
      0.08354748766724415,
      0.028389075553532515,
      0.7118382043850878,
      0.9935313903878872,
      0.27838987255202785,
      0.6350630408913599,
      0.9355703594002185,
      0.7010048982024549,
      0.2455903321164974,
      0.5063303844599185,
      1.0,
      0.1667373925162135,
      0.22155176221362902
    ],
    [
      0.18670820834102794,
      0.27938316327003,
      0.09842982165056852,
      0.17630676554856317,
      0.2405278139850339,
      0.3246337641252659,
      0.21561765274172157,
      0.3363710629007747,
      0.269766786991317,
      0.25103654301860434,
      0.34639058456792543,
      0.17063465657093072,
      0.5972585582065328,
      0.5264386345748215,
      0.2070063690185202,
      0.25310580634202684,
      0.2664103055908985,
      0.3537155150047502,
      0.1667373925162135,
      1.0,
      0.37822211316189985
    ],
    [
      0.2998142509399766,
      0.2443353506745071,
      -0.025579719037941755,
      0.09411179212824226,
      0.1788001774832186,
      0.4617467026231739,
      0.2974327960002916,
      0.46668748925866343,
      0.21698257141285718,
      0.19562361088061336,
      0.445407291840708,
      0.23288267498648457,
      0.6060062690966074,
      0.669578977067096,
      0.32409522951627706,
      0.300485173835929,
      0.23174488043537386,
      0.5042136508306585,
      0.22155176221362902,
      0.37822211316189985,
      1.0
    ]
  ],
  "generated_at": "2026-07-21T21:57:11.352064Z",
  "synthetic": false
}