{
  "tickers": [
    "ARKK",
    "BND",
    "DJP",
    "GLD",
    "IEF",
    "IWM",
    "QQQ",
    "SPY",
    "TIP",
    "TLT",
    "VEA",
    "VGT",
    "VNQ",
    "VTV",
    "VUG",
    "VWO",
    "XLE",
    "XLF",
    "XLK",
    "XLU",
    "XLV"
  ],
  "matrix": [
    [
      1.0,
      0.09172399903914526,
      0.14139762977381157,
      0.1774465317000316,
      -0.01599713323253401,
      0.8070642203227228,
      0.8145032576371887,
      0.8119658678405134,
      0.09812291231978393,
      0.04116802884261239,
      0.6296922890134664,
      0.7961455561799989,
      0.3796828858357477,
      0.6239488480907527,
      0.8238155150301419,
      0.5822411461527873,
      0.25465457101337885,
      0.6012933438231416,
      0.7690911146482331,
      0.19553794780047,
      0.3263103757108539
    ],
    [
      0.09172399903914526,
      1.0,
      -0.08556390885777056,
      0.18882222143213975,
      0.9750303043724753,
      0.17828568929371388,
      0.10063907494643849,
      0.14136490295646414,
      0.8723265515126589,
      0.9341498682000999,
      0.31833913708943706,
      0.07147529130532398,
      0.412719885585222,
      0.19643645228446174,
      0.09462707888518213,
      0.21053208827936143,
      -0.12581910245788536,
      0.058177116485922956,
      0.07044601809607741,
      0.3000994397434797,
      0.2596129459331384
    ],
    [
      0.14139762977381157,
      -0.08556390885777056,
      1.0,
      0.4798462881866416,
      -0.12034554507860375,
      0.11360352350605374,
      0.17993809136285324,
      0.17100032522731032,
      0.07651481645446977,
      -0.09219161957442457,
      0.17288334623996984,
      0.18050962917584998,
      0.07341775614492126,
      0.15473476708925932,
      0.1533129776895161,
      0.21465029436968078,
      0.5293301606164634,
      0.036032942931143674,
      0.18115189261877246,
      0.11514034824765454,
      -0.009005379570031186
    ],
    [
      0.1774465317000316,
      0.18882222143213975,
      0.4798462881866416,
      1.0,
      0.18308196593349704,
      0.19463705856528546,
      0.18533647523892044,
      0.16781889486036727,
      0.19383262686514058,
      0.0997914171374003,
      0.4080673250513745,
      0.1807906696116016,
      0.14685914197285185,
      0.16374928921617166,
      0.15598830888850596,
      0.3971436647772832,
      0.04096356622012951,
      0.02367900596567318,
      0.18542921219079753,
      0.1847615111223568,
      0.10675437943378792
    ],
    [
      -0.01599713323253401,
      0.9750303043724753,
      -0.12034554507860375,
      0.18308196593349704,
      1.0,
      0.05781321618468297,
      -0.02471038893349073,
      0.004822680209629094,
      0.8626078518414648,
      0.9078763989221665,
      0.2098203943020881,
      -0.04997201456733427,
      0.3289329549575865,
      0.07624317263608517,
      -0.0309546270328459,
      0.10620258080975814,
      -0.20430783944033146,
      -0.04403260910350979,
      -0.04816884896888595,
      0.2596502703326649,
      0.19286650010212444
    ],
    [
      0.8070642203227228,
      0.17828568929371388,
      0.11360352350605374,
      0.19463705856528546,
      0.05781321618468297,
      1.0,
      0.762764498460433,
      0.835203900722626,
      0.17412314046011623,
      0.11809492514299888,
      0.7235244602848661,
      0.7554001249847622,
      0.5886716401567138,
      0.8454395458240574,
      0.745879643197735,
      0.6395133941422257,
      0.3983402587963394,
      0.7398801942016064,
      0.7291983337464011,
      0.33323602109924993,
      0.4791629068583507
    ],
    [
      0.8145032576371887,
      0.10063907494643849,
      0.17993809136285324,
      0.18533647523892044,
      -0.02471038893349073,
      0.762764498460433,
      1.0,
      0.9565555684253164,
      0.12290176923855196,
      0.049220248827670135,
      0.7426971949346414,
      0.9712260274148004,
      0.36478519178438973,
      0.6952170111095161,
      0.9742800403069898,
      0.7042269851583506,
      0.2737991919023064,
      0.5824435048287214,
      0.9693241246279688,
      0.22582542133680872,
      0.32247439596439614
    ],
    [
      0.8119658678405134,
      0.14136490295646414,
      0.17100032522731032,
      0.16781889486036727,
      0.004822680209629094,
      0.835203900722626,
      0.9565555684253164,
      1.0,
      0.1580428735509089,
      0.09098929066551904,
      0.7733289921632579,
      0.9228627102897596,
      0.5294697063971229,
      0.8368936842561443,
      0.9617922497781164,
      0.6993768744429134,
      0.3832434483403575,
      0.7440107597296165,
      0.9095426399927331,
      0.339968321472463,
      0.4825193729466508
    ],
    [
      0.09812291231978393,
      0.8723265515126589,
      0.07651481645446977,
      0.19383262686514058,
      0.8626078518414648,
      0.17412314046011623,
      0.12290176923855196,
      0.1580428735509089,
      1.0,
      0.8115253577138136,
      0.28162839845927234,
      0.0878157460999097,
      0.3664172665141489,
      0.20992188178344903,
      0.10946748034662415,
      0.1733477896646048,
      0.01834640743310711,
      0.07526679270512855,
      0.09079260970939414,
      0.28444403143463964,
      0.22351374020574902
    ],
    [
      0.04116802884261239,
      0.9341498682000999,
      -0.09219161957442457,
      0.0997914171374003,
      0.9078763989221665,
      0.11809492514299888,
      0.049220248827670135,
      0.09098929066551904,
      0.8115253577138136,
      1.0,
      0.22613125002071555,
      0.02704011048628657,
      0.3608884016339614,
      0.14157185227383823,
      0.04498941180119486,
      0.12272752498108341,
      -0.11689321829290862,
      0.026459542127693515,
      0.024852180659535338,
      0.26960426525666215,
      0.2099022890787932
    ],
    [
      0.6296922890134664,
      0.31833913708943706,
      0.17288334623996984,
      0.4080673250513745,
      0.2098203943020881,
      0.7235244602848661,
      0.7426971949346414,
      0.7733289921632579,
      0.28162839845927234,
      0.22613125002071555,
      1.0,
      0.705370782367604,
      0.5400572034289032,
      0.7418167133752952,
      0.7056002895638499,
      0.8423779412891418,
      0.24231221886811533,
      0.5451641320382453,
      0.7077204583266243,
      0.3643146480097057,
      0.4724093089548975
    ],
    [
      0.7961455561799989,
      0.07147529130532398,
      0.18050962917584998,
      0.1807906696116016,
      -0.04997201456733427,
      0.7554001249847622,
      0.9712260274148004,
      0.9228627102897596,
      0.0878157460999097,
      0.02704011048628657,
      0.705370782367604,
      1.0,
      0.3112882891661381,
      0.6472534047608721,
      0.954161058501024,
      0.694513271557761,
      0.27232605337935717,
      0.5402415983712819,
      0.9934092167158983,
      0.18305717248879938,
      0.257640489597227
    ],
    [
      0.3796828858357477,
      0.412719885585222,
      0.07341775614492126,
      0.14685914197285185,
      0.3289329549575865,
      0.5886716401567138,
      0.36478519178438973,
      0.5294697063971229,
      0.3664172665141489,
      0.3608884016339614,
      0.5400572034289032,
      0.3112882891661381,
      1.0,
      0.7139499103615541,
      0.38390185021986567,
      0.40136475566237056,
      0.3057123906924855,
      0.5782166182699067,
      0.2901486778541696,
      0.593457521008689,
      0.5994710384256895
    ],
    [
      0.6239488480907527,
      0.19643645228446174,
      0.15473476708925932,
      0.16374928921617166,
      0.07624317263608517,
      0.8454395458240574,
      0.6952170111095161,
      0.8368936842561443,
      0.20992188178344903,
      0.14157185227383823,
      0.7418167133752952,
      0.6472534047608721,
      0.7139499103615541,
      1.0,
      0.6701203064620938,
      0.6020251570779568,
      0.5274257198158774,
      0.8431778420501542,
      0.6383268544215441,
      0.5224150250892143,
      0.673675686731943
    ],
    [
      0.8238155150301419,
      0.09462707888518213,
      0.1533129776895161,
      0.15598830888850596,
      -0.0309546270328459,
      0.745879643197735,
      0.9742800403069898,
      0.9617922497781164,
      0.10946748034662415,
      0.04498941180119486,
      0.7056002895638499,
      0.954161058501024,
      0.38390185021986567,
      0.6701203064620938,
      1.0,
      0.6704937381133204,
      0.25950772144571926,
      0.6236418990514943,
      0.9392994332854091,
      0.21296796506475757,
      0.34344632682723214
    ],
    [
      0.5822411461527873,
      0.21053208827936143,
      0.21465029436968078,
      0.3971436647772832,
      0.10620258080975814,
      0.6395133941422257,
      0.7042269851583506,
      0.6993768744429134,
      0.1733477896646048,
      0.12272752498108341,
      0.8423779412891418,
      0.694513271557761,
      0.40136475566237056,
      0.6020251570779568,
      0.6704937381133204,
      1.0,
      0.2149804185868787,
      0.4156122797478073,
      0.6942000720634575,
      0.27645995244990246,
      0.32802038515832954
    ],
    [
      0.25465457101337885,
      -0.12581910245788536,
      0.5293301606164634,
      0.04096356622012951,
      -0.20430783944033146,
      0.3983402587963394,
      0.2737991919023064,
      0.3832434483403575,
      0.01834640743310711,
      -0.11689321829290862,
      0.24231221886811533,
      0.27232605337935717,
      0.3057123906924855,
      0.5274257198158774,
      0.25950772144571926,
      0.2149804185868787,
      1.0,
      0.4083919347833678,
      0.2580109734655308,
      0.2576919580013214,
      0.22665318980238694
    ],
    [
      0.6012933438231416,
      0.058177116485922956,
      0.036032942931143674,
      0.02367900596567318,
      -0.04403260910350979,
      0.7398801942016064,
      0.5824435048287214,
      0.7440107597296165,
      0.07526679270512855,
      0.026459542127693515,
      0.5451641320382453,
      0.5402415983712819,
      0.5782166182699067,
      0.8431778420501542,
      0.6236418990514943,
      0.4156122797478073,
      0.4083919347833678,
      1.0,
      0.5106339392366734,
      0.34567287848490835,
      0.5095773851879011
    ],
    [
      0.7690911146482331,
      0.07044601809607741,
      0.18115189261877246,
      0.18542921219079753,
      -0.04816884896888595,
      0.7291983337464011,
      0.9693241246279688,
      0.9095426399927331,
      0.09079260970939414,
      0.024852180659535338,
      0.7077204583266243,
      0.9934092167158983,
      0.2901486778541696,
      0.6383268544215441,
      0.9392994332854091,
      0.6942000720634575,
      0.2580109734655308,
      0.5106339392366734,
      1.0,
      0.18058201656246126,
      0.24600594181987526
    ],
    [
      0.19553794780047,
      0.3000994397434797,
      0.11514034824765454,
      0.1847615111223568,
      0.2596502703326649,
      0.33323602109924993,
      0.22582542133680872,
      0.339968321472463,
      0.28444403143463964,
      0.26960426525666215,
      0.3643146480097057,
      0.18305717248879938,
      0.593457521008689,
      0.5224150250892143,
      0.21296796506475757,
      0.27645995244990246,
      0.2576919580013214,
      0.34567287848490835,
      0.18058201656246126,
      1.0,
      0.36972202004515675
    ],
    [
      0.3263103757108539,
      0.2596129459331384,
      -0.009005379570031186,
      0.10675437943378792,
      0.19286650010212444,
      0.4791629068583507,
      0.32247439596439614,
      0.4825193729466508,
      0.22351374020574902,
      0.2099022890787932,
      0.4724093089548975,
      0.257640489597227,
      0.5994710384256895,
      0.673675686731943,
      0.34344632682723214,
      0.32802038515832954,
      0.22665318980238694,
      0.5095773851879011,
      0.24600594181987526,
      0.36972202004515675,
      1.0
    ]
  ],
  "generated_at": "2026-07-01T22:13:42.217669Z",
  "synthetic": false
}